18 -32 0
3 -15 0
41 38 0
88 47 0
48 -40 0
39 -9 0
66 27 0
59 -7 0
86 27 0
23 37 1
97 -26 2
46 49 3
75 29 3
51 -24 3
9 -42 3
38 29 3
40 2 3
87 47 3
6 19 4
60 -46 5
61 1 5
31 -30 5
65 34 5
49 -16 5
90 41 5
58 -32 5
4 46 6
87 -17 7
21 34 8
30 9 8
8 -22 8
66 -42 9
88 22 9
73 -15 9
58 -15 9
16 -42 9
58 42 9
52 -6 9
94 42 9
28 34 10
41 13 10
39 -2 10
30 -9 10
85 -45 11
88 3 11
18 30 12
13 -5 12
24 11 12
42 18 12
0 -42 13
68 68 13
74 -94 14
81 7 14
66 -15 14
0 34 15
74 -26 15
97 23 15
0 -97 16
82 -18 16
43 61 17
47 -96 18
35 88 19
19 -16 19
0 -19 20
93 -7 20
0 -93 21
50 50 21
17 67 22
0 -17 23
62 -38 23
0 -62 24
91 91 24
77 -14 24
66 89 25
81 15 25
23 42 26
77 -46 27
84 -93 28
0 16 29
24 24 29
0 76 30
50 50 30
80 30 30
0 20 31
43 -57 31
0 -43 32
3 -97 32
2 -1 32
48 -54 33
0 52 34
5 -95 34
0 95 35
6 -94 35
82 -24 36
18 -64 36
78 60 36
46 68 37
78 32 37
28 -50 37
86 58 37
92 6 37
0 -92 38
79 -121 39
12 33 40
0 288 43
80 -20 43
76 -4 43
75 -1 43
0 25 44
86 86 44
35 49 45
0 65 46
52 -48 46
0 948 56
52 -48 56
51 -1 56
28 77 57
70 42 57
0 -70 58
2 -98 58
95 -7 59
65 -30 59
7 -758 66
0 293 69
94 94 69
84 -510 74
98 14 74
3 5 75
17 14 75
54 37 75
99 -55 76
84 185 78
0 16 79
70 870 87
30 -40 87
12 -18 87
60 -152 89
70 10 89
84 914 98
0 -84 99
49 -51 99
2 -447 103
0 -2 104
57 57 104
0 43 105
52 -448 109
72 -80 110
55 83 111
0 45 112
6 -94 112
96 -10 113
84 88 114
41 57 115
10 -31 115
0 -10 116
13 -187 117
27 -86 118
0 73 119
54 54 119
86 32 119
78 -8 119
95 117 120
91 -4 120
0 9 121
44 -56 121
0 56 122
87 -13 122
22 -265 124
0 -22 125
65 -335 128
0 35 129
30 30 129
70 -60 130
0 -70 131
28 28 131
0 -428 135
84 -516 140
80 -4 140
42 462 145
17 675 152
23 6 152
1 -22 152
43 -58 153
0 -43 154
60 60 154
0 -60 155
89 -11 155
83 94 156
49 66 157
0 -49 158
27 -73 158
44 -83 159
37 -7 159
42 -95 160
58 -84 161
94 -64 162
22 28 163
55 33 163
0 45 164
83 -17 164
77 94 165
90 -887 174
0 -390 177
19 -81 177
81 -38 178
86 -95 179
73 -13 179
11 38 180
0 -11 181
83 -917 190
0 17 191
61 61 191
8 47 192
49 -659 199
99 -50 200
58 59 201
38 80 202
82 44 202
47 -35 202
0 -47 203
9 -191 204
30 -79 205
0 -30 206
79 79 206
0 -79 207
88 88 207
85 97 208
12 27 209
18 6 209
55 37 209
47 -8 209
86 139 210
34 -552 215
63 -71 216
11 48 217
30 19 217
84 -246 220
89 -95 221
33 -56 221
30 397 225
16 -14 225
23 -93 226
3 80 227
89 86 227
0 11 228
85 585 233
0 -85 234
9 -91 234
0 -909 243
92 92 243
0 8 244
18 -82 244
68 -50 245
13 45 246
89 -24 247
38 -51 247
97 59 247
82 -15 247
0 -82 248
58 58 248
27 -31 248
0 -27 249
73 -727 256
28 55 257
4 -24 257
51 47 257
77 -74 258
79 -98 259
8 29 260
0 92 261
17 17 261
0 83 262
71 -29 262
36 -35 262
88 52 262
0 312 266
54 54 266
34 -20 266
61 27 266
21 60 267
30 -91 268
34 -96 269
29 95 270
0 -29 271
47 47 271
33 -14 271
97 64 271
45 -52 271
0 -445 275
77 -23 275
93 -84 276
0 -93 277
63 63 277
52 89 278
0 -52 279
22 -78 279
0 78 280
63 -37 280
52 -11 280
41 -111 281
1 -40 281
0 -901 290
26 26 290
76 50 290
0 -676 296
43 -57 296
86 343 299
81 -5 299
0 -81 300
91 491 304
79 -12 304
0 21 305
79 -21 305
71 592 311
70 99 312
0 -870 320
83 83 320
71 -112 321
55 84 322
0 -55 323
72 72 323
13 41 324
0 -13 325
33 -67 325
0 -233 327
38 -62 327
0 62 328
75 75 328
0 25 329
15 -85 329
21 6 329
0 -21 330
92 92 330
53 61 331
82 -71 332
92 10 332
34 42 333
0 66 334
99 99 334
71 -28 334
0 -71 335
16 616 341
12 96 342
77 65 342
40 -37 342
18 -22 342
67 49 342
23 -44 342
0 77 343
95 95 343
98 -97 344
3 5 345
0 -3 346
16 -584 351
67 51 351
0 -67 352
93 -7 352
0 7 353
47 -153 354
23 76 355
0 77 356
6 6 356
93 -13 357
0 -93 358
23 23 358
0 977 368
90 -10 368
69 -21 368
0 31 369
55 55 369
86 31 369
50 -36 369
83 -67 370
21 938 380
20 99 381
0 -20 382
43 43 382
0 -43 383
26 26 383
75 -51 384
12 37 385
0 88 386
64 -36 386
12 648 393
0 288 396
84 84 396
51 67 397
6 55 398
78 72 398
69 -309 401
0 31 402
55 -45 402
0 -55 403
99 -1 403
31 -68 403
60 -71 404
92 32 404
18 26 405
0 982 415
71 -729 422
17 -954 431
19 -98 432
29 10 432
21 -8 432
17 -4 432
30 -87 433
46 -84 434
62 -84 435
25 63 436
11 86 437
14 -97 438
0 386 442
14 14 442
0 86 443
26 26 443
55 29 443
38 -17 443
71 33 443
8 -963 452
34 26 452
37 603 458
71 -66 459
0 -71 460
14 14 460
0 86 461
40 -60 461
54 14 461
0 -54 462
92 92 462
55 -37 462
56 301 465
0 -56 466
87 787 473
0 -87 474
51 -49 474
3 52 475
7 -596 481
15 8 481
66 51 481
15 49 482
86 -29 483
45 -41 483
0 -45 484
64 -36 484
48 -16 484
64 16 484
19 -945 493
0 -19 494
52 52 494
0 -52 495
45 -55 495
28 -17 495
0 72 496
72 72 496
33 -39 496
5 72 497
0 95 498
26 26 498
15 -11 498
54 39 498
0 46 499
99 -1 499
0 1 500
10 10 500
55 -55 501
29 74 502
0 -29 503
85 85 503
94 9 503
37 43 504
0 -37 505
48 48 505
0 -48 506
35 35 506
15 80 507
68 -47 508
49 -319 511
46 -103 512
48 -98 513
27 -21 513
0 -27 514
63 63 514
0 -563 519
14 -86 519
0 -14 520
48 -752 527
52 -96 528
6 -46 528
0 -6 529
35 -65 529
0 -35 530
14 -86 530
75 -39 531
6 -869 539
57 51 539
6 49 540
30 24 540
0 -830 548
1 -99 548
0 99 549
14 14 549
81 67 549
51 70 550
85 34 550
87 -98 551
0 13 552
83 -17 552
34 -849 560
0 66 561
60 60 561
19 859 570
1 82 571
0 799 579
66 -34 579
19 -47 579
71 -48 580
32 61 581
23 -9 581
54 31 581
0 -54 582
77 77 582
15 38 583
0 485 588
66 66 588
9 43 589
0 -9 590
20 -80 590
96 76 590
75 -21 590
30 555 596
0 70 597
33 -67 597
2 69 598
26 24 598
0 74 599
73 -27 599
10 -63 599
64 954 608
61 97 609
0 -61 610
39 -61 610
8 -31 610
54 46 610
11 -943 619
14 -97 620
62 48 620
39 -23 620
0 661 627
57 57 627
0 -57 628
87 87 628
0 -87 629
2 -98 629
56 -346 633
94 -62 634
56 62 635
15 -41 635
30 -85 636
0 -30 637
2 2 637
76 -26 638
53 477 643
0 -53 644
83 83 644
81 -902 653
66 85 654
0 34 655
64 64 655
74 -690 662
2 -72 662
16 -286 665
82 66 665
86 -96 666
87 1 666
43 -44 666
89 246 668
0 11 669
90 390 672
0 -290 674
6 -94 674
0 -6 675
43 143 676
0 57 677
74 -26 677
56 -18 677
92 536 682
0 -92 683
64 -136 684
46 -18 684
92 -54 685
0 8 686
97 -3 686
38 -59 686
54 16 686
28 -26 686
24 96 687
0 76 688
85 -15 688
0 15 689
10 10 689
24 -86 690
38 -586 696
66 28 696
0 34 697
58 58 697
55 -603 703
2 -53 703
38 36 703
0 -38 704
70 370 707
0 -70 708
1 1 708
76 75 708
25 49 709
36 -89 710
93 57 710
36 43 711
52 16 711
45 493 716
58 -87 717
31 73 718
20 -11 718
33 -387 722
0 67 723
26 -74 723
60 34 723
93 -967 733
0 7 734
16 -84 734
46 -70 735
50 4 735
0 50 736
39 39 736
57 -82 737
0 -57 738
89 289 740
58 -31 740
12 -46 740
78 66 740
0 -78 741
47 -53 741
0 53 742
96 96 742
95 599 748
97 -98 749
0 -97 750
54 -46 750
0 -54 751
14 -86 751
52 -62 752
94 -58 753
16 22 754
63 -953 764
0 -63 765
8 308 768
69 -39 769
72 3 769
84 512 774
0 16 775
98 98 775
0 -98 776
17 17 776
0 83 777
2 2 777
35 33 777
22 87 778
26 -96 779
0 174 781
70 270 783
19 -51 783
0 81 784
29 -571 789
0 71 790
10 -90 790
69 -41 791
55 -314 794
0 45 795
45 -55 795
0 -45 796
85 -815 804
62 -23 804
28 -34 804
50 -978 814
0 -50 815
55 955 824
42 87 825
0 58 826
35 -65 826
12 77 827
13 -99 828
23 -90 829
94 71 829
87 193 831
16 -71 831
0 -16 832
64 64 832
0 -64 833
72 -28 833
57 885 842
70 13 842
33 63 843
79 446 847
88 -91 848
0 -688 854
39 -61 854
0 61 855
10 10 855
18 -92 856
30 -88 857
90 -40 858
89 99 859
0 -489 863
41 41 863
61 -80 864
35 -526 869
36 1 869
88 152 870
52 -36 870
67 15 870
0 33 871
71 -229 873
0 -71 874
57 -43 874
0 243 877
60 -40 877
0 40 878
46 -554 883
0 54 884
80 -20 884
0 -80 885
90 -10 885
79 89 886
0 121 888
68 -632 894
14 46 895
68 54 895
44 -24 895
0 -44 896
67 -33 896
90 -877 905
2 -88 905
98 -4 906
0 -98 907
42 -258 909
85 -57 910
0 15 911
91 -9 911
33 -58 911
84 51 911
1 217 914
48 47 914
69 21 914
0 -69 915
45 45 915
29 84 916
94 65 916
0 -94 917
20 20 917
0 80 918
5 805 926
0 -5 927
48 48 927
0 52 928
35 835 936
0 -35 937
29 -71 937
17 -12 937
0 -17 938
18 18 938
57 -61 939
35 -22 939
23 -612 945
48 -75 946
0 -48 947
44 844 955
3 59 956
90 -13 957
86 -604 963
0 -86 964
59 -41 964
0 -59 965
41 241 967
0 -41 968
91 -9 968
63 -28 968
36 -427 972
19 83 973
0 -19 974
59 59 974
24 65 975
88 -36 976
0 -88 977
35 935 986
19 984 996
0 -19 997
86 -14 997
30 -956 1006
0 70 1007
60 960 1016
41 -19 1016
54 813 1024
85 31 1024
80 -5 1024
41 61 1025
46 -695 1032
0 -846 1040
77 -23 1040
0 23 1041
61 61 1041
0 39 1042
39 -61 1042
82 43 1042
65 -17 1042
0 835 1051
52 52 1051
0 -52 1052
64 -36 1052
5 -759 1059
19 -86 1060
63 44 1060
55 -8 1060
0 45 1061
17 17 1061
0 -17 1062
69 69 1062
0 -969 1071
55 55 1071
0 -55 1072
61 -39 1072
0 -61 1073
13 13 1073
85 -28 1074
13 28 1075
0 87 1076
31 331 1079
0 -31 1080
61 461 1084
75 14 1084
12 37 1085
0 -12 1086
59 59 1086
32 -227 1088
99 -33 1089
31 -668 1095
23 92 1096
20 -3 1096
77 57 1096
7 30 1097
0 93 1098
12 -88 1098
55 43 1098
49 94 1099
0 -49 1100
25 25 1100
50 -75 1101
0 50 1102
46 -54 1102
0 -46 1103
94 994 1112
42 48 1113
0 -42 1114
63 63 1114
0 -63 1115
7 7 1115
31 24 1115
80 -651 1122
53 73 1123
0 -53 1124
9 -91 1124
0 91 1125
11 11 1125
0 89 1126
44 44 1126
37 93 1127
35 -2 1127
0 65 1128
23 -277 1130
63 -60 1131
21 -42 1131
9 88 1132
22 13 1132
0 -922 1141
34 34 1141
0 -34 1142
87 87 1142
5 -82 1142
50 -55 1143
72 -78 1144
37 -35 1144
44 7 1144
69 125 1145
28 -41 1145
0 -28 1146
89 -711 1153
11 -678 1159
0 589 1165
3 3 1165
0 -3 1166
6 -494 1170
95 89 1170
31 36 1171
0 69 1172
51 51 1172
34 483 1177
0 -334 1180
95 95 1180
0 -95 1181
24 24 1181
92 68 1181
61 769 1189
0 39 1190
44 44 1190
21 77 1191
45 24 1191
32 87 1192
1 69 1193
95 94 1193
18 23 1194
77 -41 1195
28 51 1196
0 72 1197
29 -71 1197
48 -81 1198
44 -4 1198
0 -44 1199
77 -23 1199
26 49 1200
0 -26 1201
90 -10 1201
0 -90 1202
2 -98 1202
39 -63 1203
99 60 1203
7 -92 1203
8 -999 1213
39 -69 1214
0 -39 1215
76 -424 1219
0 -76 1220
68 68 1220
0 -68 1221
77 -23 1221
3 -74 1221
25 -878 1230
33 8 1230
0 -233 1232
17 17 1232
0 -17 1233
13 13 1233
7 94 1234
22 -85 1235
14 92 1236
0 -14 1237
75 -25 1237
80 305 1240
4 24 1241
40 236 1243
72 32 1243
95 23 1243
17 22 1244
25 -292 1247
81 -44 1248
0 819 1257
7 7 1257
60 -47 1258
0 -860 1266
80 -20 1266
0 -80 1267
90 -10 1267
52 -38 1267
86 -66 1268
0 14 1269
20 20 1269
0 -20 1270
8 8 1270
80 -628 1277
1 21 1278
60 59 1278
36 -924 1287
65 29 1287
0 -665 1293
69 -31 1293
82 13 1293
47 -335 1296
29 -518 1301
19 90 1302
38 -81 1303
19 81 1304
0 -19 1305
28 28 1305
14 86 1306
0 86 1307
23 23 1307
98 75 1307
23 -75 1307
32 -91 1308
55 -77 1309
81 26 1309
0 19 1310
93 -7 1310
33 -60 1310
0 -33 1311
4 404 1315
0 96 1316
81 -719 1323
0 619 1330
58 -42 1330
0 42 1331
81 281 1333
65 -16 1333
42 77 1334
0 58 1335
43 -57 1335
80 -63 1336
56 -24 1336
6 50 1337
0 -6 1338
87 87 1338
48 -39 1338
0 752 1346
8 208 1348
71 -37 1349
96 25 1349
52 56 1350
83 -69 1351
0 517 1357
13 -387 1360
70 -543 1366
59 89 1367
63 604 1373
36 -27 1373
0 -36 1374
18 -82 1374
75 57 1374
55 -120 1375
30 775 1383
0 70 1384
14 814 1392
44 -70 1393
91 47 1393
20 -71 1393
63 -57 1394
0 37 1395
19 -81 1395
0 81 1396
11 -389 1399
0 -11 1400
47 47 1400
0 -847 1408
83 83 1408
8 25 1409
49 -59 1410
29 -220 1412
35 306 1415
0 65 1416
39 39 1416
50 -89 1417
15 65 1418
0 85 1419
88 88 1419
0 -88 1420
16 816 1428
30 14 1428
0 770 1436
58 58 1436
0 -58 1437
51 151 1438
0 -251 1440
25 25 1440
7 282 1443
0 -7 1444
3 -97 1444
0 -3 1445
88 88 1445
82 -6 1445
0 18 1446
29 29 1446
1 72 1447
39 -162 1449
88 -51 1450
0 12 1451
25 25 1451
0 975 1461
9 -91 1461
0 -109 1462
86 -314 1465
0 -86 1466
85 85 1466
70 85 1467
23 -47 1467
9 86 1468
2 93 1469
0 98 1470
12 12 1470
29 -83 1471
0 571 1477
2 2 1477
10 8 1477
0 -410 1481
25 25 1481
7 -18 1481
47 440 1485
0 53 1486
81 81 1486
0 -81 1487
55 55 1487
21 -34 1487
95 -26 1488
31 -164 1489
38 7 1489
0 62 1490
57 57 1490
0 -57 1491
56 -44 1491
81 25 1491
31 -50 1491
0 69 1492
8 -92 1492
48 640 1498
49 1 1498
0 -49 1499
81 -19 1499
0 -181 1500
62 -38 1500
16 -446 1504
0 784 1512
33 33 1512
32 -1 1512
91 -41 1513
75 784 1521
85 -90 1522
0 -85 1523
50 -50 1523
0 -50 1524
39 39 1524
46 -93 1525
24 78 1526
74 -50 1527
55 -19 1527
26 -29 1527
63 -63 1528
73 10 1528
58 985 1538
75 -83 1539
40 565 1545
83 -57 1546
0 -83 1547
1 -99 1547
0 99 1548
35 35 1548
0 65 1549
85 -15 1549
97 -88 1550
83 -14 1550
97 -86 1551
10 13 1552
0 90 1553
16 -84 1553
0 -16 1554
14 -86 1554
0 -14 1555
21 -79 1555
57 36 1555
0 43 1556
34 -66 1556
68 -66 1557
0 532 1563
14 -86 1563
53 -861 1572
0 47 1573
1 1 1573
68 67 1573
56 -12 1573
0 144 1575
89 89 1575
97 8 1575
54 -43 1575
8 -46 1575
0 892 1584
6 -94 1584
0 94 1585
20 -80 1585
0 80 1586
24 -776 1593
0 76 1594
99 -1 1594
24 25 1595
68 -56 1596
95 27 1596
4 -91 1596
95 91 1596
35 40 1597
70 235 1599
77 -93 1600
27 -50 1600
92 465 1604
42 -50 1604
0 -42 1605
9 -91 1605
44 35 1605
78 -366 1609
0 22 1610
88 88 1610
91 -97 1611
20 229 1614
28 8 1614
0 72 1615
14 -586 1620
0 86 1621
39 -61 1621
86 47 1621
0 14 1622
83 -17 1622
93 -90 1623
89 -4 1623
16 -73 1623
60 -56 1624
0 -460 1628
33 -67 1628
14 81 1629
99 -15 1630
25 -74 1630
14 789 1638
53 39 1638
26 73 1639
37 11 1639
63 -74 1640
0 -63 1641
18 -82 1641
79 -39 1642
44 -35 1642
0 -44 1643
43 -57 1643
0 57 1644
8 408 1648
98 -10 1649
21 -77 1649
18 97 1650
0 -18 1651
85 -15 1651
91 6 1651
80 89 1652
28 48 1653
54 26 1653
38 284 1656
0 62 1657
57 657 1663
16 -641 1669
76 860 1677
85 9 1677
58 -27 1677
0 742 1685
70 -930 1694
41 -29 1694
0 -41 1695
57 57 1695
0 43 1696
77 77 1696
94 17 1696
0 6 1697
68 68 1697
61 -7 1697
75 14 1697
55 80 1698
0 -55 1699
25 -75 1699
99 -26 1700
75 -24 1700
0 -775 1707
50 50 1707
9 59 1708
0 91 1709
58 -42 1709
20 62 1710
0 280 1713
92 92 1713
0 -92 1714
51 51 1714
54 3 1714
0 46 1715
78 -22 1715
0 -78 1716
68 -32 1716
48 -220 1718
14 -34 1718
15 501 1723
71 -44 1724
0 -571 1729
76 76 1729
56 -20 1729
65 -91 1730
71 -94 1731
43 72 1732
81 -562 1738
53 272 1741
19 -34 1741
56 -63 1742
48 -8 1742
61 13 1742
82 -79 1743
3 -79 1743
27 424 1747
17 -810 1755
10 93 1756
0 90 1757
72 72 1757
0 -72 1758
81 -219 1760
49 -32 1760
64 15 1760
19 55 1761
87 -32 1762
0 -887 1770
59 59 1770
80 -79 1771
79 -1 1771
91 212 1773
61 -730 1780
0 39 1781
90 90 1781
0 510 1787
85 -15 1787
55 -30 1787
46 91 1788
67 21 1788
0 -67 1789
98 -2 1789
0 -98 1790
70 -630 1796
89 -681 1803
16 27 1804
0 -16 1805
70 -430 1809
47 -23 1809
0 53 1810
84 84 1810
72 88 1811
63 91 1812
58 95 1813
0 -58 1814
62 -38 1814
48 86 1815
0 -48 1816
81 81 1816
42 -39 1816
0 -42 1817
65 -35 1817
0 -65 1818
26 26 1818
30 4 1818
0 -30 1819
92 92 1819
38 346 1823
12 574 1829
0 -12 1830
64 64 1830
0 36 1831
79 -621 1837
90 -89 1838
66 76 1839
5 39 1840
92 887 1848
56 64 1849
0 -56 1850
68 268 1852
72 -96 1853
71 -1 1853
69 -402 1857
0 -269 1859
46 46 1859
82 -64 1860
49 -533 1865
0 -49 1866
42 42 1866
0 158 1868
45 -255 1870
25 80 1871
65 240 1873
70 5 1873
82 -88 1874
0 -82 1875
50 -550 1880
67 -683 1887
16 49 1888
2 86 1889
0 -2 1890
88 -12 1890
52 -36 1890
0 -152 1891
22 -78 1891
63 41 1891
48 85 1892
32 -16 1892
0 68 1893
31 -369 1896
30 -1 1896
26 -4 1896
25 -1 1896
0 75 1897
51 651 1903
83 32 1903
3 20 1904
10 -93 1905
22 -188 1907
0 78 1908
68 -32 1908
77 -91 1909
25 48 1910
15 90 1911
0 85 1912
89 -11 1912
49 -40 1912
38 -11 1912
0 62 1913
42 42 1913
73 -369 1917
0 -673 1923
7 -893 1931
69 762 1938
84 15 1938
0 416 1943
67 -33 1943
94 27 1943
0 -894 1951
4 4 1951
28 -76 1952
16 -12 1952
45 29 1952
4 59 1953
0 596 1959
67 67 1959
93 126 1960
46 953 1970
88 142 1971
0 -88 1972
20 -80 1972
80 -40 1973
0 -280 1975
23 -77 1975
0 -23 1976
39 -61 1976
40 1 1976
94 54 1976
2 8 1977
0 98 1978
26 26 1978
99 -27 1979
5 706 1987
53 348 1990
1 48 1991
34 33 1991
70 -64 1992
2 -68 1992
0 -2 1993
74 -26 1993
48 74 1994
74 26 1994
0 -74 1995
64 -36 1995
0 -64 1996
97 -3 1996
0 3 1997
88 388 2000
59 -29 2000
22 -837 2008
27 -95 2009
0 -27 2010
6 506 2015
69 -137 2017
0 -369 2020
49 49 2020
68 319 2023
0 32 2024
69 69 2024
70 -299 2027
62 -8 2027
0 38 2028
40 40 2028
0 60 2029
62 62 2029
98 36 2029
0 -98 2030
96 -4 2030
0 4 2031
26 -74 2031
23 -3 2031
0 77 2032
24 24 2032
45 -79 2033
0 55 2034
88 -512 2039
27 -61 2039
32 -95 2040
99 -33 2041
7 -92 2041
86 79 2041
33 -53 2041
87 54 2041
59 72 2042
57 -2 2042
2 -55 2042
0 98 2043
96 -204 2045
94 98 2046
96 -98 2047
0 -96 2048
82 -18 2048
0 -82 2049
78 -22 2049
93 15 2049
81 88 2050
0 19 2051
6 6 2051
98 892 2059
0 2 2060
15 615 2066
0 -15 2067
84 984 2076
0 16 2077
72 -28 2077
76 804 2085
48 72 2086
0 52 2087
48 48 2087
89 41 2087
0 -789 2094
28 -72 2094
46 -82 2095
0 54 2096
58 -42 2096
0 542 2102
43 43 2102
59 -84 2103
0 141 2105
88 -12 2105
70 782 2113
62 92 2114
94 -68 2115
2 -92 2115
82 80 2115
29 -53 2115
0 71 2116
2 -98 2116
0 -2 2117
97 97 2117
54 -343 2120
99 -55 2121
0 -99 2122
74 -726 2129
10 -64 2129
0 -10 2130
66 66 2130
22 56 2131
42 20 2131
0 58 2132
22 -78 2132
0 78 2133
22 22 2133
57 35 2133
62 -195 2135
0 38 2136
94 94 2136
57 -837 2144
96 -61 2145
21 25 2146
7 86 2147
80 -27 2148
0 20 2149
89 89 2149
51 62 2150
42 91 2151
56 14 2151
88 -68 2152
0 -88 2153
21 -79 2153
0 -21 2154
28 28 2154
0 -328 2157
11 -89 2157
34 -877 2166
45 -789 2174
0 55 2175
29 29 2175
59 30 2175
69 -290 2178
96 -73 2179
83 -13 2179
9 726 2187
6 -303 2190
28 -78 2191
9 81 2192
76 -33 2193
80 -96 2194
92 -88 2195
0 -992 2204
30 30 2204
85 55 2204
0 -985 2213
16 16 2213
0 84 2214
90 90 2214
60 70 2215
0 -260 2217
60 -40 2217
64 4 2217
69 -95 2218
8 939 2228
74 -34 2229
70 -4 2229
67 97 2230
81 14 2230
11 30 2231
95 84 2231
0 5 2232
53 -47 2232
0 47 2233
55 -445 2237
0 -55 2238
31 -69 2238
41 -90 2239
20 79 2240
56 36 2240
35 579 2246
75 -60 2247
0 725 2255
48 -52 2255
45 -203 2257
28 883 2266
19 91 2267
59 40 2267
21 -38 2267
24 3 2267
0 -24 2268
53 53 2268
0 -53 2269
98 98 2269
0 2 2270
78 78 2270
46 68 2271
0 54 2272
31 31 2272
25 -6 2272
0 -25 2273
78 78 2273
24 46 2274
7 83 2275
65 58 2275
36 -29 2275
90 54 2275
0 -90 2276
58 -442 2280
52 -206 2282
2 -450 2286
37 35 2286
0 63 2287
95 95 2287
13 818 2296
44 31 2296
97 253 2298
78 -19 2298
66 -812 2306
29 63 2307
24 -5 2307
2 478 2312
44 42 2312
0 56 2313
29 429 2317
3 -26 2317
6 3 2317
42 36 2317
0 -42 2318
40 40 2318
76 -64 2319
0 -76 2320
39 39 2320
0 61 2321
53 -147 2322
96 43 2322
0 4 2323
96 -4 2323
2 -94 2323
18 -84 2324
91 -27 2325
31 -260 2327
63 32 2327
87 -76 2328
0 -887 2336
30 30 2336
0 -30 2337
1 -99 2337
23 -78 2338
95 72 2338
0 205 2341
16 16 2341
93 977 2350
85 92 2351
80 95 2352
4 824 2361
0 96 2362
80 80 2362
82 -98 2363
0 -582 2368
69 -31 2368
64 -605 2374
63 99 2375
80 -83 2376
10 -70 2376
96 86 2376
63 -33 2376
29 66 2377
48 19 2377
63 -85 2378
95 -68 2379
39 -56 2379
32 93 2380
93 61 2380
0 7 2381
18 -82 2381
50 -68 2382
0 50 2383
94 -6 2383
84 -110 2384
0 -484 2388
71 -29 2388
57 -14 2388
0 -57 2389
72 72 2389
82 10 2389
0 -382 2392
61 -39 2392
90 -71 2393
6 -84 2393
27 -79 2394
0 73 2395
45 -955 2404
0 55 2405
63 63 2405
50 -13 2405
58 508 2410
87 29 2410
16 -371 2413
1 -15 2413
63 -38 2414
56 -7 2414
44 688 2421
90 46 2421
0 -90 2422
62 -38 2422
56 -6 2422
0 -56 2423
49 -51 2423
43 94 2424
18 -25 2424
0 82 2425
13 -87 2425
34 121 2426
0 -34 2427
77 -23 2427
0 923 2437
71 71 2437
18 47 2438
22 -96 2439
53 -569 2445
97 -56 2446
98 -99 2447
74 76 2448
79 -95 2449
0 21 2450
69 -31 2450
0 -69 2451
44 -56 2451
90 46 2451
6 16 2452
11 5 2452
97 -14 2453
74 77 2454
0 -74 2455
95 495 2459
25 -470 2463
46 -79 2464
66 -80 2465
94 928 2474
98 -96 2475
41 -57 2475
80 39 2475
0 20 2476
20 -80 2476
0 80 2477
85 85 2477
0 15 2478
97 -403 2482
4 607 2489
0 96 2490
37 -63 2490
0 63 2491
5 -395 2494
0 -5 2495
96 -204 2497
0 4 2498
7 -93 2498
17 10 2498
56 439 2502
61 -95 2503
0 39 2504
64 -36 2504
0 936 2514
76 -224 2516
0 -76 2517
39 -761 2524
0 61 2525
21 21 2525
0 -421 2529
68 -32 2529
22 -46 2529
55 -67 2530
0 45 2531
75 75 2531
0 25 2532
74 -826 2540
76 -98 2541
32 -544 2546
24 -8 2546
57 -67 2547
10 753 2555
71 61 2555
0 29 2556
89 -11 2556
81 92 2557
0 -81 2558
27 -73 2558
0 -27 2559
4 -96 2559
0 -4 2560
1 1 2560
89 -12 2561
61 -628 2567
55 94 2568
56 1 2568
0 -56 2569
3 3 2569
0 97 2570
89 889 2578
0 -89 2579
46 146 2580
0 -46 2581
72 72 2581
19 -53 2581
0 381 2585
59 59 2585
72 13 2585
37 365 2589
33 96 2590
79 346 2593
22 -857 2601
5 83 2602
94 89 2602
8 -86 2602
3 95 2603
0 97 2604
67 567 2609
65 -2 2609
0 -65 2610
56 -44 2610
13 957 2620
61 548 2625
21 60 2626
0 79 2627
15 -85 2627
58 -57 2628
9 -49 2628
62 -47 2629
0 38 2630
41 -59 2630
77 36 2630
0 -477 2634
80 80 2634
68 -12 2634
97 -71 2635
23 26 2636
4 81 2637
79 75 2637
11 -68 2637
0 -11 2638
54 -46 2638
0 -354 2641
63 -37 2641
49 -14 2641
54 -95 2642
2 -752 2649
78 376 2652
44 -34 2652
84 40 2652
54 -30 2652
0 46 2653
45 645 2659
23 -22 2659
87 64 2659
0 13 2660
93 93 2660
0 207 2663
39 -961 2672
0 -39 2673
11 -389 2676
0 -11 2677
9 -91 2677
0 -9 2678
11 -89 2678
0 -311 2681
18 218 2683
0 -18 2684
67 -33 2684
54 -13 2684
35 81 2685
95 -40 2686
25 -70 2686
54 -71 2687
22 68 2688
0 -22 2689
12 -88 2689
1 89 2690
22 221 2692
43 721 2699
0 -43 2700
30 30 2700
76 -54 2701
98 -78 2702
66 268 2705
40 74 2706
0 60 2707
91 91 2707
83 92 2708
43 -40 2708
44 -999 2718
0 56 2719
68 368 2722
0 32 2723
67 -33 2723
43 76 2724
10 -33 2724
0 -10 2725
93 93 2725
46 -47 2725
99 -47 2726
22 23 2727
2 -320 2730
74 72 2730
0 326 2734
33 -567 2739
62 729 2746
5 -57 2746
0 95 2747
91 -309 2750
22 -69 2750
28 6 2750
0 72 2751
43 -557 2756
18 -25 2756
79 61 2756
0 21 2757
97 -3 2757
0 3 2758
17 17 2758
85 -32 2759
37 52 2760
0 63 2761
36 736 2768
0 64 2769
3 3 2769
94 491 2773
0 6 2774
77 77 2774
29 52 2775
0 71 2776
1 -99 2776
94 -7 2777
30 -64 2777
31 -299 2780
0 269 2783
9 -91 2783
88 79 2783
25 37 2784
57 32 2784
69 12 2784
55 86 2785
26 671 2792
78 452 2796
0 522 2802
59 -41 2802
15 -844 2810
65 -50 2811
0 -65 2812
83 -17 2812
89 6 2812
28 39 2813
49 -579 2819
93 44 2819
57 64 2820
42 885 2829
48 306 2832
68 920 2841
0 -68 2842
63 63 2842
0 737 2850
12 12 2850
39 27 2850
59 20 2850
31 72 2851
18 87 2852
96 -22 2853
0 -96 2854
68 -432 2858
20 -48 2858
90 70 2858
55 -35 2858
0 45 2859
3 -97 2859
9 6 2859
68 -41 2860
77 9 2860
39 -38 2860
0 61 2861
58 58 2861
61 -97 2862
12 -49 2862
58 -54 2863
35 -23 2863
43 8 2863
67 -976 2873
97 -70 2874
84 -513 2879
29 -55 2879
69 -660 2886
0 31 2887
35 35 2887
50 -85 2888
8 -42 2888
73 -35 2889
95 -78 2890
22 -73 2890
91 -31 2891
57 66 2892
50 93 2893
43 93 2894
49 -794 2902
51 -98 2903
38 87 2904
88 50 2904
48 -40 2904
0 -48 2905
18 -482 2909
26 108 2910
0 -26 2911
19 -81 2911
13 94 2912
22 9 2912
67 -355 2916
61 -606 2922
70 -91 2923
0 30 2924
10 10 2924
69 59 2924
0 31 2925
31 31 2925
0 69 2926
54 254 2928
65 11 2928
72 -793 2936
0 528 2942
78 -22 2942
38 60 2943
88 50 2943
0 -88 2944
21 -79 2944
90 69 2944
50 -40 2944
0 -50 2945
42 42 2945
35 93 2946
58 23 2946
87 29 2946
0 13 2947
52 552 2952
2 -50 2952
28 -774 2960
58 -70 2961
0 42 2962
15 -85 2962
37 322 2965
52 15 2965
23 71 2966
3 80 2967
0 -3 2968
88 -12 2968
38 -50 2968
0 -38 2969
21 -579 2974
7 -14 2974
13 -94 2975
86 -127 2977
18 -568 2982
94 -224 2985
52 -242 2987
0 48 2988
43 43 2988
70 -873 2997
0 -270 2999
11 11 2999
0 -11 3000
57 57 3000
93 36 3000
20 -73 3000
0 -20 3001
48 -652 3007
67 19 3007
0 33 3008
41 -59 3008
90 -51 3009
2 112 3011
0 -802 3019
39 -61 3019
0 -739 3026
16 -84 3026
0 84 3027
89 -11 3027
0 11 3028
75 -25 3028
0 -75 3029
24 24 3029
92 -32 3030
0 -92 3031
4 4 3031
78 -26 3032
0 -78 3033
38 -362 3036
0 -38 3037
64 64 3037
81 -683 3044
14 333 3048
0 86 3049
70 -30 3049
0 30 3050
58 -42 3050
42 -16 3050
0 58 3051
60 60 3051
74 -86 3052
10 -64 3052
81 -29 3053
45 -36 3053
0 55 3054
91 -9 3054
0 9 3055
97 97 3055
42 45 3056
20 78 3057
60 40 3057
42 82 3058
0 858 3067
69 69 3067
77 -92 3068
5 28 3069
0 -105 3070
94 -306 3073
0 -94 3074
41 41 3074
78 -463 3079
0 22 3080
82 -18 3080
4 22 3081
1 -603 3087
9 108 3088
0 -9 3089
86 -814 3097
41 55 3098
83 -58 3099
0 17 3100
50 50 3100
6 -44 3100
59 -47 3101
0 41 3102
49 49 3102
94 -55 3103
69 75 3104
11 42 3105
0 89 3106
32 -68 3106
69 -663 3113
0 -69 3114
89 -11 3114
0 11 3115
40 40 3115
6 666 3122
57 -49 3123
0 -57 3124
9 9 3124
96 87 3124
0 -96 3125
42 -58 3125
0 58 3126
75 -25 3126
0 -75 3127
65 -35 3127
5 -60 3127
67 62 3127
0 -67 3128
68 -132 3129
0 32 3130
6 606 3136
0 -306 3139
35 -265 3141
0 -35 3142
32 32 3142
2 70 3143
82 -20 3144
38 -44 3144
40 -98 3145
71 31 3145
0 -71 3146
95 995 3155
0 -95 3156
57 57 3156
79 -78 3157
0 -79 3158
92 92 3158
0 8 3159
42 42 3159
57 15 3159
0 43 3160
92 -8 3160
24 32 3161
15 -509 3166
11 -4 3166
0 -11 3167
84 -16 3167
8 24 3168
50 -58 3169
0 -50 3170
32 32 3170
48 -84 3171
17 69 3172
0 -17 3173
78 578 3178
11 33 3179
98 -313 3183
73 -225 3185
39 66 3186
38 -901 3195
49 -889 3204
73 -76 3205
92 -81 3206
0 -92 3207
25 -75 3207
0 -25 3208
9 9 3208
88 -321 3212
54 -34 3212
64 -90 3213
0 36 3214
72 72 3214
0 28 3215
75 -25 3215
3 -72 3215
0 -3 3216
21 21 3216
9 88 3217
0 -809 3225
96 96 3225
93 397 3229
0 -93 3230
85 185 3231
18 33 3232
11 93 3233
0 -11 3234
29 29 3234
0 -29 3235
46 46 3235
92 46 3235
0 8 3236
1 1 3236
0 -1 3237
1 1 3237
31 -70 3238
20 -11 3238
9 89 3239
85 76 3239
99 -86 3240
0 -99 3241
75 -25 3241
0 -75 3242
32 -68 3242
95 63 3242
0 5 3243
88 88 3243
4 16 3244
0 96 3245
37 37 3245
0 63 3246
9 9 3246
74 265 3248
70 96 3249
0 -70 3250
68 68 3250
51 83 3251
48 -3 3251
0 52 3252
32 632 3258
69 -63 3259
86 -83 3260
0 -86 3261
55 55 3261
77 22 3261
11 34 3262
0 -11 3263
97 -3 3263
0 -97 3264
42 42 3264
16 -26 3264
83 167 3265
5 -78 3265
84 -921 3275
97 -87 3276
0 -97 3277
40 -60 3277
64 24 3277
0 -64 3278
85 -15 3278
70 85 3279
16 -54 3279
0 -16 3280
22 -78 3280
0 178 3282
41 41 3282
51 10 3282
76 -75 3283
86 -90 3284
41 255 3287
0 -41 3288
50 -50 3288
74 -76 3289
0 26 3290
55 155 3291
14 -41 3291
8 -6 3291
78 -30 3292
62 -16 3292
68 6 3292
0 -68 3293
9 -91 3293
98 -11 3294
77 -21 3294
23 46 3295
55 -68 3296
98 43 3296
0 2 3297
48 48 3297
7 59 3298
48 -59 3299
14 66 3300
39 -75 3301
26 -13 3301
0 174 3303
31 31 3303
20 89 3304
17 -3 3304
47 -70 3305
0 53 3306
79 79 3306
19 40 3307
0 981 3317
43 -57 3317
65 22 3317
79 14 3317
12 33 3318
22 10 3318
21 299 3321
0 79 3322
71 671 3328
0 -71 3329
39 -61 3329
0 -639 3335
41 41 3335
0 -41 3336
52 52 3336
0 48 3337
9 209 3339
0 91 3340
84 84 3340
80 96 3341
0 -80 3342
89 89 3342
6 17 3343
0 94 3344
74 -26 3344
0 26 3345
87 87 3345
0 -87 3346
7 807 3354
0 -7 3355
18 818 3363
10 92 3364
0 90 3365
63 63 3365
0 37 3366
10 -290 3368
74 -736 3376
38 -36 3376
35 897 3385
53 -82 3386
78 -675 3393
69 891 3402
48 479 3407
88 -60 3408
82 94 3409
0 18 3410
35 -565 3415
78 -57 3416
0 -78 3417
50 -50 3417
0 950 3427
39 39 3427
16 77 3428
0 -16 3429
73 -27 3429
92 -81 3430
24 32 3431
35 -89 3432
69 -66 3433
92 323 3436
29 -63 3436
30 1 3436
49 419 3440
30 -19 3440
0 70 3441
55 -45 3441
0 45 3442
78 -22 3442
37 -441 3446
46 9 3446
0 -46 3447
34 34 3447
2 68 3448
0 98 3449
65 -435 3453
1 -64 3453
15 -86 3454
69 -546 3460
42 73 3461
25 83 3462
43 18 3462
96 -47 3463
83 87 3464
75 -8 3464
41 -34 3464
0 59 3465
22 22 3465
0 78 3466
60 60 3466
3 -57 3466
48 -55 3467
34 86 3468
60 26 3468
0 -60 3469
71 71 3469
42 71 3470
74 32 3470
0 -74 3471
96 796 3478
46 950 3488
64 -382 3492
22 -42 3492
90 68 3492
86 96 3493
95 -91 3494
25 30 3495
77 52 3495
0 -77 3496
5 5 3496
45 -660 3503
0 955 3513
77 77 3513
21 644 3520
0 -21 3521
99 99 3521
0 -99 3522
13 -287 3524
39 26 3524
0 -39 3525
98 -2 3525
51 53 3526
82 -769 3534
11 29 3535
4 93 3536
32 -72 3537
56 24 3537
0 -56 3538
75 -25 3538
84 -91 3539
0 16 3540
90 -10 3540
41 -649 3546
95 -546 3552
0 5 3553
5 -95 3553
0 95 3554
81 81 3554
60 -21 3554
0 -60 3555
63 63 3555
0 137 3557
91 -9 3557
74 283 3560
30 -44 3560
91 -39 3561
80 -11 3561
0 -880 3569
19 19 3569
0 -19 3570
3 3 3570
0 97 3571
21 -79 3571
12 -9 3571
91 -21 3572
95 804 3580
84 89 3581
57 -27 3581
0 43 3582
71 71 3582
78 -93 3583
24 46 3584
70 -54 3585
47 377 3589
1 954 3599
0 -1 3600
85 285 3602
67 182 3604
0 -67 3605
17 -83 3605
47 30 3605
8 861 3614
0 592 3620
73 -27 3620
27 -46 3620
88 -539 3626
0 -188 3627
78 -422 3631
0 22 3632
82 82 3632
40 58 3633
0 -40 3634
43 43 3634
17 -26 3634
0 83 3635
45 -555 3640
70 -75 3641
32 -338 3644
54 -78 3645
12 58 3646
0 88 3647
66 -734 3654
0 -66 3655
1 1 3655
0 -501 3660
96 -4 3660
79 83 3661
25 -54 3661
27 2 3661
64 -63 3662
67 -97 3663
99 32 3663
56 -43 3663
61 -95 3664
7 46 3665
35 428 3669
71 36 3669
0 29 3670
76 76 3670
17 41 3671
62 45 3671
20 -42 3671
71 -49 3672
0 -71 3673
79 79 3673
0 -79 3674
33 33 3674
30 -203 3676
42 -88 3677
0 -42 3678
55 -45 3678
46 91 3679
74 28 3679
19 -55 3679
0 381 3683
94 -606 3689
40 46 3690
53 13 3690
0 47 3691
81 81 3691
23 -58 3691
15 892 3700
69 54 3700
0 31 3701
93 -7 3701
73 880 3710
42 -31 3710
75 -67 3711
0 25 3712
85 -15 3712
39 -46 3712
88 -51 3713
57 -31 3713
33 76 3714
71 938 3723
55 84 3724
29 -26 3724
0 -29 3725
25 -775 3732
33 -892 3741
93 -40 3742
27 34 3743
0 73 3744
22 -978 3753
0 -222 3755
99 99 3755
0 -99 3756
38 -862 3764
70 32 3764
0 -70 3765
20 -80 3765
85 65 3765
0 15 3766
69 869 3774
22 853 3783
38 -84 3784
86 -552 3790
82 -104 3791
0 18 3792
93 93 3792
0 7 3793
32 -68 3793
0 -32 3794
87 -13 3794
57 70 3795
56 -1 3795
62 806 3803
99 37 3803
64 -35 3803
20 -44 3803
70 50 3803
19 449 3808
0 81 3809
43 -57 3809
70 -73 3810
0 30 3811
99 99 3811
1 802 3820
51 550 3825
0 49 3826
51 -49 3826
60 309 3829
0 -60 3830
72 -28 3830
0 928 3840
26 26 3840
86 -40 3841
0 14 3842
54 -46 3842
76 722 3849
0 24 3850
7 -93 3850
92 85 3850
88 -904 3859
16 -72 3859
0 -916 3868
36 36 3868
37 1 3868
14 77 3869
7 -7 3869
0 93 3870
84 84 3870
0 16 3871
67 -33 3871
81 -86 3872
33 52 3873
0 867 3882
15 -585 3887
74 -441 3892
0 -74 3893
53 53 3893
0 47 3894
80 -520 3899
93 -87 3900
1 -92 3900
54 -47 3901
34 80 3902
86 -48 3903
0 -986 3912
24 -76 3912
0 -24 3913
53 453 3917
19 66 3918
0 -19 3919
18 18 3919
0 -18 3920
67 -33 3920
45 78 3921
80 235 3923
83 -97 3924
0 -983 3933
1 801 3941
0 -601 3947
65 -35 3947
42 -23 3947
54 12 3947
0 746 3955
27 -73 3955
0 73 3956
18 -82 3956
53 -65 3957
0 -53 3958
54 -46 3958
99 -655 3965
90 -9 3965
0 -90 3966
2 2 3966
0 698 3973
60 -40 3973
97 -63 3974
69 -228 3976
0 31 3977
1 -99 3977
0 -1 3978
11 811 3986
13 2 3986
48 35 3986
0 52 3987
39 39 3987
6 -33 3987
33 27 3987
35 2 3987
3 968 3997
5 -98 3998
91 -14 3999
70 -21 3999
90 20 3999
27 537 4005
44 -83 4006
13 369 4010
72 59 4010
7 135 4012
96 -211 4015
0 -96 4016
63 63 4016
66 3 4016
0 634 4023
38 38 4023
2 64 4024
82 80 4024
90 708 4031
24 34 4032
1 -23 4032
53 952 4041
0 -53 4042
14 -86 4042
47 -67 4043
0 53 4044
9 9 4044
0 -9 4045
35 -65 4045
43 8 4045
9 -434 4049
0 -9 4050
27 -373 4053
33 -294 4056
37 -96 4057
7 -30 4057
0 93 4058
76 76 4058
10 734 4066
0 90 4067
75 -25 4067
14 -961 4076
33 -81 4077
0 -33 4078
52 52 4078
0 -852 4086
98 -2 4086
0 2 4087
74 -826 4095
0 -74 4096
5 5 4096
65 660 4102
0 35 4103
73 -27 4103
0 -73 4104
40 40 4104
51 11 4104
0 -51 4105
30 930 4114
29 599 4120
66 637 4126
99 733 4133
0 101 4135
3 -97 4135
0 97 4136
22 22 4136
35 -87 4137
0 -35 4138
43 43 4138
57 14 4138
70 13 4138
38 68 4139
84 46 4139
19 235 4142
0 -19 4143
64 64 4143
0 36 4144
59 559 4149
27 -32 4149
92 65 4149
29 637 4156
24 -5 4156
56 32 4156
0 44 4157
26 -74 4157
68 -158 4159
0 32 4160
64 64 4160
70 -94 4161
30 60 4162
61 -69 4163
1 40 4164
40 39 4164
58 -82 4165
0 42 4166
16 -84 4166
0 84 4167
3 -597 4172
23 20 4172
55 -68 4173
0 -55 4174
83 83 4174
0 -83 4175
40 -60 4175
0 60 4176
52 52 4176
22 -30 4176
28 -94 4177
65 37 4177
67 -98 4178
0 33 4179
47 47 4179
98 -49 4180
99 1 4180
0 -799 4187
97 -3 4187
29 732 4195
5 -24 4195
79 74 4195
21 -958 4204
85 64 4204
0 15 4205
64 64 4205
0 36 4206
79 -21 4206
82 -997 4216
3 21 4217
82 79 4217
90 -92 4218
95 5 4218
68 73 4219
89 -79 4220
52 -37 4220
92 40 4220
46 454 4225
0 -46 4226
42 -58 4226
81 -61 4227
0 -81 4228
26 -74 4228
35 -91 4229
0 -35 4230
30 430 4234
0 70 4235
41 -59 4235
68 27 4235
0 932 4245
30 -670 4251
0 70 4252
29 -71 4252
81 -48 4253
78 -3 4253
0 22 4254
73 73 4254
0 -73 4255
87 887 4263
59 -28 4263
0 41 4264
11 11 4264
0 -911 4273
60 60 4273
84 -476 4278
99 415 4282
7 8 4283
3 96 4284
8 -95 4285
26 -82 4286
0 374 4290
86 86 4290
0 14 4291
94 -6 4291
71 -23 4291
78 707 4298
11 333 4302
72 61 4302
0 828 4311
17 17 4311
0 -17 4312
65 -35 4312
26 -39 4312
0 -826 4320
9 9 4320
0 -9 4321
48 -52 4321
94 -54 4322
92 98 4323
0 8 4324
30 30 4324
70 -60 4325
1 -69 4325
0 99 4326
35 -65 4326
44 -391 4330
0 56 4331
82 -618 4337
25 143 4339
30 -95 4340
34 -96 4341
0 66 4342
48 48 4342
0 52 4343
71 171 4344
23 52 4345
6 -17 4345
54 -52 4346
0 -54 4347
87 -13 4347
39 -48 4347
92 53 4347
75 -117 4348
0 25 4349
11 -689 4355
0 -11 4356
83 -17 4356
0 17 4357
3 3 4357
67 -36 4358
25 -42 4358
77 -48 4359
0 23 4360
2 2 4360
0 98 4361
30 30 4361
42 12 4361
0 -942 4370
95 -5 4370
24 29 4371
0 76 4372
69 -31 4372
0 -369 4375
10 10 4375
0 90 4376
42 -558 4381
0 -42 4382
3 3 4382
0 97 4383
58 858 4391
0 -58 4392
23 -77 4392
7 84 4393
2 95 4394
89 -13 4395
0 -89 4396
7 -93 4396
44 37 4396
23 -521 4401
50 27 4401
26 -24 4401
28 2 4401
86 58 4401
78 92 4402
0 -78 4403
37 -63 4403
0 963 4413
15 -985 4422
27 -88 4423
0 73 4424
96 96 4424
10 -186 4425
58 48 4425
3 45 4426
92 89 4426
11 19 4427
0 89 4428
82 -18 4428
73 691 4435
0 27 4436
60 -40 4436
0 40 4437
12 12 4437
61 49 4437
0 39 4438
30 30 4438
0 -30 4439
39 39 4439
41 -98 4440
0 59 4441
89 89 4441
0 -89 4442
1 1 4442
23 22 4442
0 -23 4443
76 676 4449
0 24 4450
45 -55 4450
68 23 4450
60 92 4451
0 -360 4454
82 -18 4454
0 -82 4455
11 -89 4455
0 89 4456
51 -49 4456
0 -51 4457
36 36 4457
63 -73 4458
0 -63 4459
86 -14 4459
5 -81 4459
19 -986 4469
82 -37 4470
0 -82 4471
44 44 4471
77 -467 4476
73 -304 4479
42 69 4480
0 -42 4481
91 -109 4482
88 -3 4482
0 412 4487
14 514 4492
0 -14 4493
93 -7 4493
15 -78 4493
0 -15 4494
13 -87 4494
46 33 4494
90 -56 4495
65 75 4496
8 443 4501
66 -42 4502
0 -866 4510
22 -278 4512
0 -22 4513
94 94 4513
3 9 4514
97 94 4514
0 -97 4515
23 23 4515
0 -823 4523
20 20 4523
0 -20 4524
15 -85 4524
20 5 4524
95 -25 4525
63 768 4533
0 -63 4534
50 -50 4534
55 5 4534
58 103 4535
34 576 4541
42 8 4541
2 -40 4541
35 -67 4542
90 55 4542
6 316 4546
90 84 4546
0 10 4547
20 -80 4547
0 -20 4548
71 -29 4548
97 726 4555
10 -87 4555
0 -110 4556
94 -6 4556
0 -94 4557
45 45 4557
0 855 4566
29 -71 4566
67 -62 4567
0 -67 4568
21 21 4568
0 79 4569
40 -60 4569
0 60 4570
96 196 4571
76 -20 4571
29 -47 4571
54 25 4571
0 46 4572
91 -9 4572
88 -503 4577
98 -90 4578
0 -98 4579
45 -455 4583
61 -84 4584
0 839 4593
44 -56 4593
58 14 4593
13 -45 4593
99 -14 4594
63 -36 4594
80 -83 4595
0 -80 4596
47 -53 4596
0 53 4597
47 247 4599
0 53 4600
29 -771 4607
49 -80 4608
50 101 4609
0 -50 4610
62 62 4610
15 53 4611
11 396 4615
69 58 4615
4 35 4616
24 -80 4617
9 285 4620
69 860 4628
0 31 4629
38 38 4629
0 -38 4630
81 81 4630
0 -81 4631
86 -14 4631
0 -886 4639
13 13 4639
0 -13 4640
32 32 4640
0 68 4641
59 59 4641
70 -89 4642
39 -31 4642
42 -597 4648
75 33 4648
53 78 4649
0 47 4650
59 59 4650
69 -90 4651
0 731 4659
69 69 4659
0 -169 4660
77 -23 4660
87 10 4660
89 -98 4661
20 -369 4664
75 55 4664
32 57 4665
0 68 4666
59 -41 4666
87 28 4666
0 -87 4667
63 63 4667
44 -19 4667
13 69 4668
0 87 4669
20 -80 4669
48 -72 4670
0 -48 4671
53 -47 4671
73 20 4671
0 -73 4672
44 -956 4681
50 6 4681
82 32 4681
38 156 4683
0 62 4684
88 -12 4684
8 20 4685
16 8 4685
34 -182 4687
60 -74 4688
0 -860 4696
40 40 4696
0 -40 4697
8 -92 4697
90 -18 4698
0 -90 4699
79 79 4699
0 -79 4700
41 41 4700
3 62 4701
27 324 4704
28 401 4708
0 572 4714
49 -51 4714
78 -571 4720
88 -90 4721
0 12 4722
37 37 4722
87 -50 4723
89 2 4723
61 -28 4723
0 -61 4724
26 -74 4724
0 -726 4731
6 -94 4731
99 -7 4732
0 -99 4733
42 42 4733
62 -80 4734
73 11 4734
0 -73 4735
11 11 4735
13 2 4735
0 -13 4736
95 -305 4739
90 95 4740
62 -28 4740
84 22 4740
89 5 4740
55 66 4741
0 -55 4742
95 95 4742
0 5 4743
34 -66 4743
0 -34 4744
53 553 4749
29 -24 4749
0 -29 4750
15 -85 4750
14 -1 4750
37 23 4750
0 63 4751
41 41 4751
50 -91 4752
65 -485 4757
69 -96 4758
0 -169 4759
88 88 4759
57 69 4760
0 -57 4761
22 22 4761
15 -7 4761
0 -15 4762
63 -37 4762
68 5 4762
7 39 4763
14 7 4763
0 86 4764
19 -81 4764
38 -81 4765
0 -238 4767
9 9 4767
92 -17 4768
34 -58 4768
49 15 4768
0 51 4769
26 26 4769
0 -26 4770
86 86 4770
0 514 4776
74 74 4776
44 -130 4777
45 -99 4778
0 255 4781
21 -79 4781
0 -21 4782
84 -16 4782
54 -30 4782
93 39 4782
6 -87 4782
0 94 4783
13 13 4783
81 68 4783
0 -81 4784
20 -80 4784
29 9 4784
0 971 4794
63 63 4794
64 -99 4795
43 79 4796
0 -43 4797
32 32 4797
0 -32 4798
23 -77 4798
81 58 4798
0 19 4799
99 899 4807
40 41 4808
7 67 4809
15 8 4809
0 -15 4810
11 -89 4810
0 689 4817
79 -421 4821
81 702 4828
0 19 4829
59 -41 4829
0 41 4830
55 55 4830
72 317 4833
5 -67 4833
60 -45 4834
2 -58 4834
0 798 4842
59 -41 4842
44 -15 4842
47 -97 4843
63 -84 4844
36 -27 4844
55 -81 4845
0 -55 4846
32 32 4846
0 -32 4847
85 -515 4852
39 -46 4852
0 61 4853
20 -80 4853
88 -32 4854
0 812 4863
4 4 4863
43 239 4865
0 -43 4866
70 -30 4866
0 -70 4867
2 2 4867
0 98 4868
32 -568 4873
89 57 4873
0 11 4874
38 -62 4874
40 -98 4875
0 60 4876
28 -72 4876
0 72 4877
59 959 4886
13 54 4887
98 -15 4888
63 965 4898
9 -54 4898
0 -909 4907
96 -4 4907
8 612 4914
13 5 4914
0 -13 4915
69 -31 4915
12 -57 4915
58 -54 4916
18 60 4917
29 11 4917
92 63 4917
93 1 4917
4 11 4918
19 15 4918
41 322 4921
45 -96 4922
63 18 4922
82 19 4922
10 28 4923
0 -10 4924
70 70 4924
0 -70 4925
18 18 4925
32 -86 4926
26 594 4932
53 -73 4933
0 747 4941
94 494 4945
60 -434 4949
0 40 4950
31 -69 4950
25 94 4951
58 -67 4952
82 -76 4953
0 -82 4954
34 434 4958
61 -273 4961
78 -383 4965
8 30 4966
45 37 4966
61 -84 4967
63 2 4967
0 -763 4974
61 -839 4982
69 -92 4983
0 -69 4984
99 99 4984
81 -18 4984
0 -81 4985
16 16 4985
0 -16 4986
55 55 4986
0 -455 4990
56 56 4990
14 -42 4990
0 86 4991
52 -48 4991
81 29 4991
65 84 4992
0 35 4993
64 -36 4993
95 731 5000
32 437 5005
88 56 5005
99 -789 5013
70 -29 5013
89 -81 5014
34 45 5015
38 4 5015
43 5 5015
74 31 5015
0 26 5016
95 95 5016
0 5 5017
23 823 5025
75 -48 5026
40 65 5027
85 -55 5028
13 -672 5034
0 -13 5035
52 52 5035
0 -52 5036
54 54 5036
94 -60 5037
39 -955 5046
0 -339 5049
12 12 5049
0 -12 5050
6 -94 5050
0 -6 5051
6 -294 5053
0 -706 5060
58 -42 5060
81 523 5065
36 -845 5073
52 16 5073
89 437 5077
0 -89 5078
36 36 5078
80 -56 5079
0 -80 5080
46 46 5080
3 -643 5086
79 76 5086
8 -971 5095
83 775 5102
0 17 5103
57 57 5103
0 -57 5104
65 65 5104
0 -65 5105
38 -62 5105
49 -89 5106
0 -49 5107
19 -81 5107
0 -19 5108
5 605 5114
47 -58 5115
0 53 5116
69 -31 5116
17 -52 5116
0 -17 5117
44 44 5117
76 -368 5121
48 -528 5126
0 -48 5127
8 -92 5127
95 87 5127
20 25 5128
16 96 5129
0 -16 5130
82 282 5132
0 18 5133
70 -330 5136
0 730 5144
45 45 5144
87 42 5144
52 65 5145
57 -95 5146
89 32 5146
45 56 5147
0 -245 5149
68 -32 5149
24 -44 5149
4 -520 5154
8 4 5154
9 401 5158
0 691 5165
63 -37 5165
34 -29 5165
84 750 5172
92 -92 5173
0 8 5174
47 -53 5174
18 -29 5174
0 82 5175
80 80 5175
75 95 5176
55 -920 5185
67 412 5189
0 -267 5191
96 -4 5191
36 440 5196
0 -36 5197
10 -90 5197
0 90 5198
2 502 5203
0 98 5204
55 -45 5204
0 45 5205
93 -7 5205
98 -495 5210
9 11 5211
6 -3 5211
0 -6 5212
49 -51 5212
0 51 5213
98 -2 5213
0 -898 5221
39 -61 5221
53 -86 5222
51 298 5225
43 392 5229
88 -55 5230
0 12 5231
80 80 5231
0 920 5241
88 88 5241
24 -864 5249
33 -91 5250
70 37 5250
45 -25 5250
0 55 5251
8 -92 5251
13 5 5251
44 31 5251
25 81 5252
2 -23 5252
0 698 5259
25 -75 5259
37 312 5262
23 -14 5262
0 777 5270
61 61 5270
0 -61 5271
49 -51 5271
2 53 5272
33 -269 5275
0 67 5276
73 73 5276
0 27 5277
8 8 5277
0 -508 5282
27 -473 5286
9 82 5287
19 -90 5288
36 217 5290
24 88 5291
0 76 5292
57 857 5300
54 97 5301
62 8 5301
0 -462 5305
67 67 5305
59 -808 5313
9 -950 5322
64 55 5322
6 42 5323
48 -58 5324
57 -91 5325
53 96 5326
0 947 5336
60 -40 5336
0 340 5340
26 -74 5340
97 571 5345
15 -82 5345
22 -793 5353
12 90 5354
0 -12 5355
95 -5 5355
98 -97 5356
82 -316 5359
0 -82 5360
25 -75 5360
77 152 5361
64 -13 5361
0 -64 5362
86 -14 5362
0 -86 5363
4 -796 5370
31 27 5370
0 69 5371
36 36 5371
88 352 5374
0 12 5375
33 -167 5376
20 -13 5376
0 -20 5377
32 -68 5377
14 82 5378
59 45 5378
18 -41 5378
0 -18 5379
53 -47 5379
7 -446 5383
53 -54 5384
62 -91 5385
95 333 5388
0 -95 5389
78 -22 5389
0 22 5390
26 -74 5390
64 38 5390
44 -20 5390
5 -39 5390
90 85 5390
14 -76 5390
88 74 5390
6 -82 5390
0 -6 5391
36 36 5391
0 64 5392
73 -27 5392
0 27 5393
14 -86 5393
0 86 5394
60 -40 5394
40 -20 5394
54 -86 5395
89 -65 5396
17 28 5397
5 -12 5397
32 -573 5403
61 529 5408
0 39 5409
90 -10 5409
9 19 5410
0 491 5415
31 -169 5416
19 888 5425
14 -5 5425
77 -37 5426
12 -65 5426
7 -5 5426
0 -107 5427
97 -3 5427
94 97 5428
30 36 5429
25 95 5430
47 -178 5432
3 56 5433
94 291 5435
92 98 5436
0 8 5437
83 83 5437
54 371 5441
23 69 5442
51 -72 5443
0 649 5450
76 76 5450
1 25 5451
0 -1 5452
80 -20 5452
15 -65 5452
31 16 5452
58 27 5452
0 -58 5453
46 246 5455
0 -46 5456
25 -75 5456
43 -82 5457
0 -43 5458
39 439 5462
0 61 5463
46 46 5463
98 52 5463
19 21 5464
90 -29 5465
0 10 5466
49 -51 5466
40 691 5473
0 60 5474
60 -840 5482
75 -85 5483
0 -75 5484
95 95 5484
58 63 5485
78 -80 5486
22 -56 5486
0 -22 5487
68 668 5493
80 212 5495
18 -62 5495
0 82 5496
24 24 5496
0 -124 5497
17 17 5497
32 15 5497
0 68 5498
70 -30 5498
76 306 5501
0 24 5502
56 56 5502
45 -11 5502
32 -913 5511
0 -32 5512
79 -721 5519
0 -79 5520
47 -53 5520
0 -47 5521
39 39 5521
21 82 5522
45 -476 5527
79 134 5528
0 -79 5529
91 -9 5529
0 9 5530
89 89 5530
0 11 5531
29 -71 5531
0 -29 5532
65 -35 5532
58 93 5533
27 -931 5542
5 78 5543
23 18 5543
0 -23 5544
49 -51 5544
68 -81 5545
75 7 5545
66 291 5548
34 68 5549
0 -934 5558
52 52 5558
0 48 5559
50 -50 5559
0 50 5560
77 77 5560
0 -77 5561
3 503 5566
0 97 5567
21 21 5567
0 -21 5568
39 39 5568
56 -83 5569
54 -202 5571
67 13 5571
0 933 5581
45 145 5582
0 -545 5587
87 -13 5587
77 90 5588
70 93 5589
65 95 5590
0 735 5598
73 -327 5601
0 -73 5602
56 -44 5602
0 -656 5608
40 40 5608
0 60 5609
94 -6 5609
0 -94 5610
15 15 5610
0 -15 5611
4 4 5611
0 -4 5612
60 60 5612
8 -52 5612
0 -408 5616
25 -75 5616
4 -21 5616
89 685 5622
84 95 5623
76 -608 5629
65 89 5630
0 35 5631
45 -55 5631
34 89 5632
40 -94 5633
0 -740 5640
50 50 5640
61 11 5640
57 96 5641
42 85 5642
0 -42 5643
6 6 5643
0 -6 5644
70 370 5647
0 -770 5654
58 558 5659
69 211 5661
38 69 5662
0 -238 5664
16 -84 5664
58 -258 5667
16 -42 5667
54 -962 5677
6 -48 5677
70 -36 5678
59 589 5684
0 41 5685
16 16 5685
0 84 5686
38 38 5686
0 -38 5687
70 70 5687
51 81 5688
0 149 5690
6 -94 5690
0 -6 5691
41 741 5698
77 36 5698
13 -64 5698
93 -20 5699
0 -693 5705
60 -140 5706
71 -89 5707
0 29 5708
89 -211 5710
0 11 5711
87 -13 5711
38 -49 5711
0 -938 5720
38 -62 5720
0 62 5721
71 71 5721
92 21 5721
34 -258 5723
0 66 5724
91 -9 5724
15 -76 5724
77 -38 5725
23 46 5726
20 97 5727
31 11 5727
79 648 5733
13 -66 5733
8 95 5734
0 92 5735
63 563 5740
76 -87 5741
17 -59 5741
13 -4 5741
0 87 5742
77 77 5742
0 23 5743
15 -885 5751
72 57 5751
77 5 5751
88 11 5751
55 267 5754
77 22 5754
0 -77 5755
27 27 5755
2 -25 5755
0 498 5760
26 -74 5760
10 -16 5760
0 -10 5761
88 -712 5768
9 -979 5777
45 -64 5778
0 -45 5779
95 95 5779
0 205 5782
94 394 5785
89 295 5788
43 -46 5788
0 -43 5789
17 -83 5789
76 159 5790
71 95 5791
74 -897 5800
37 963 5810
0 -37 5811
10 10 5811
0 890 5820
33 733 5827
79 -54 5828
0 -479 5832
49 49 5832
70 -79 5833
69 799 5841
0 931 5851
69 269 5853
56 587 5859
18 -38 5859
0 82 5860
64 64 5860
34 -30 5860
0 66 5861
6 -94 5861
41 35 5861
62 721 5868
0 38 5869
53 -47 5869
0 47 5870
80 80 5870
71 -709 5877
56 -15 5877
40 84 5878
85 -55 5879
0 215 5882
26 26 5882
21 95 5883
64 -57 5884
67 -97 5885
87 20 5885
63 76 5886
35 72 5887
0 65 5888
28 -372 5891
23 795 5899
0 77 5900
78 78 5900
0 -78 5901
34 34 5901
0 66 5902
81 81 5902
15 -66 5902
50 -65 5903
0 50 5904
34 34 5904
66 932 5913
0 234 5916
65 -35 5916
60 295 5919
45 85 5920
38 -7 5920
0 -938 5929
9 809 5937
75 -34 5938
34 -41 5938
0 -34 5939
17 17 5939
64 47 5939
0 -64 5940
54 54 5940
37 -17 5940
97 60 5940
24 27 5941
0 -24 5942
57 57 5942
67 10 5942
36 -31 5942
0 -36 5943
96 96 5943
34 738 5951
24 -10 5951
50 326 5954
3 553 5960
36 -67 5961
71 -65 5962
95 -76 5963
0 -95 5964
82 82 5964
0 18 5965
22 -78 5965
54 732 5972
38 884 5981
70 -68 5982
79 9 5982
99 20 5982
87 88 5983
81 94 5984
95 14 5984
0 5 5985
11 11 5985
0 89 5986
26 926 5995
68 -58 5996
0 -68 5997
69 -831 6005
92 23 6005
83 91 6006
13 30 6007
65 -48 6008
55 90 6009
68 13 6009
0 -68 6010
5 -95 6010
91 -14 6011
45 54 6012
0 -45 6013
25 -75 6013
35 -990 6023
29 694 6030
0 -29 6031
30 -570 6036
53 -77 6037
77 -76 6038
11 -66 6038
0 -911 6047
86 286 6049
0 14 6050
46 -54 6050
52 6 6050
46 -6 6050
68 -78 6051
33 -235 6053
0 67 6054
79 579 6059
0 -79 6060
13 713 6067
47 534 6072
80 -67 6073
14 -66 6073
91 -23 6074
54 263 6077
29 -25 6077
62 -67 6078
90 428 6082
72 -18 6082
7 35 6083
32 -75 6084
91 59 6084
89 -2 6084
71 82 6085
0 -71 6086
69 -31 6086
76 7 6086
3 527 6092
0 797 6100
69 -31 6100
55 86 6101
64 -91 6102
78 -86 6103
66 88 6104
0 34 6105
39 839 6113
20 81 6114
73 -47 6115
38 -35 6115
98 60 6115
0 2 6116
94 694 6122
75 81 6123
0 25 6124
56 -44 6124
98 342 6127
52 -546 6132
54 -98 6133
0 -54 6134
98 -2 6134
0 -98 6135
44 944 6144
0 56 6145
76 -24 6145
47 71 6146
0 -47 6147
35 -65 6147
88 53 6147
4 -84 6147
56 52 6147
35 79 6148
9 -726 6155
47 -62 6156
0 753 6164
58 -42 6164
52 94 6165
49 -3 6165
0 -49 6166
66 66 6166
96 -370 6170
0 4 6171
49 49 6171
67 18 6171
77 10 6171
0 -177 6172
78 878 6180
0 -78 6181
96 -804 6189
84 88 6190
22 -62 6190
0 78 6191
81 -519 6196
0 19 6197
97 97 6197
66 69 6198
75 -91 6199
91 16 6199
36 45 6200
0 -36 6201
61 61 6201
79 18 6201
0 -79 6202
93 -7 6202
51 58 6203
97 -54 6204
66 -731 6211
0 -266 6213
85 -15 6213
26 -59 6213
69 -57 6214
87 -782 6222
0 13 6223
38 38 6223
24 -614 6229
75 51 6229
0 25 6230
56 -44 6230
0 -256 6232
28 -72 6232
32 4 6232
96 64 6232
49 -547 6237
9 -40 6237
1 692 6244
0 -1 6245
15 915 6254
9 -6 6254
70 61 6254
55 85 6255
98 43 6255
77 679 6262
86 9 6262
5 19 6263
0 95 6264
6 -94 6264
68 -38 6265
0 -68 6266
41 41 6266
0 -41 6267
16 16 6267
59 43 6267
71 12 6267
40 -331 6270
53 -87 6271
0 47 6272
31 -69 6272
47 -84 6273
0 -47 6274
60 -40 6274
0 -60 6275
63 63 6275
44 -19 6275
0 -44 6276
61 61 6276
53 -108 6277
0 47 6278
95 95 6278
0 -95 6279
32 432 6283
3 71 6284
56 53 6284
42 86 6285
24 -418 6289
0 -24 6290
39 39 6290
8 -531 6295
0 -8 6296
48 -452 6300
80 32 6300
25 45 6301
67 -58 6302
24 -43 6302
47 -77 6303
0 -47 6304
5 -95 6304
99 -306 6308
0 -99 6309
85 85 6309
0 15 6310
74 -26 6310
0 726 6318
81 81 6318
0 -81 6319
64 64 6319
56 92 6320
86 30 6320
88 2 6320
0 412 6325
51 51 6325
79 28 6325
0 -79 6326
58 -42 6326
85 27 6326
64 -21 6326
13 -51 6326
0 -13 6327
15 415 6331
10 -5 6331
34 -76 6332
21 -13 6332
81 60 6332
0 -81 6333
99 99 6333
0 -99 6334
4 4 6334
0 -804 6342
15 715 6349
63 -52 6350
0 -63 6351
80 80 6351
82 -98 6352
0 -82 6353
94 -6 6353
50 56 6354
0 650 6361
54 -46 6361
0 -54 6362
40 40 6362
0 60 6363
92 -8 6363
0 8 6364
76 176 6365
21 45 6366
3 -18 6366
0 -3 6367
33 -67 6367
6 73 6368
57 -49 6369
48 -9 6369
0 52 6370
74 74 6370
5 431 6375
0 95 6376
70 -30 6376
8 738 6384
0 92 6385
83 -17 6385
0 17 6386
54 -46 6386
58 204 6388
4 46 6389
0 96 6390
95 -5 6390
64 -131 6391
96 32 6391
0 -96 6392
34 -66 6392
0 -634 6398
61 -39 6398
0 639 6405
8 -92 6405
93 -15 6406
0 -93 6407
95 -5 6407
1 6 6408
36 35 6408
0 -36 6409
4 804 6417
86 -18 6418
38 -48 6418
31 -7 6418
14 83 6419
83 569 6424
48 -35 6424
0 -48 6425
75 -125 6426
8 -67 6426
0 92 6427
98 98 6427
0 -98 6428
85 -15 6428
32 -753 6435
2 -30 6435
49 747 6442
28 -21 6442
85 57 6442
50 -635 6448
97 747 6455
0 3 6456
17 17 6456
96 79 6456
51 -45 6456
4 53 6457
0 -4 6458
49 49 6458
38 89 6459
0 -38 6460
74 -26 6460
50 876 6469
13 -337 6472
84 71 6472
61 -23 6472
98 37 6472
0 -398 6475
9 9 6475
79 70 6475
68 -11 6475
56 -12 6475
98 42 6475
0 2 6476
44 -56 6476
92 48 6476
55 -37 6476
0 -55 6477
32 -68 6477
64 32 6477
0 -64 6478
91 91 6478
4 13 6479
55 51 6479
31 76 6480
14 -17 6480
45 -69 6481
0 -45 6482
72 72 6482
99 -73 6483
86 -13 6483
14 -72 6483
59 -55 6484
43 -16 6484
33 -10 6484
1 -32 6484
39 -62 6485
0 61 6486
39 39 6486
91 52 6486
70 79 6487
22 -48 6487
61 -61 6488
65 -96 6489
22 57 6490
41 19 6490
20 79 6491
65 45 6491
0 35 6492
15 15 6492
0 85 6493
1 1 6493
65 64 6493
0 -65 6494
49 -51 6494
73 -76 6495
56 -17 6495
0 44 6496
4 4 6496
19 15 6496
89 -30 6497
21 32 6498
73 -48 6499
30 -43 6499
11 -19 6499
38 27 6499
53 15 6499
55 2 6499
77 22 6499
54 -23 6499
65 11 6499
99 34 6499
49 50 6500
19 -30 6500
53 34 6500
89 36 6500
96 7 6500
23 27 6501
89 -34 6502
79 -10 6502
31 -48 6502
83 -48 6503
56 -27 6503
77 21 6503
79 2 6503
30 -49 6503
6 -24 6503
55 49 6503
40 -15 6503
96 -44 6504
55 -41 6504
98 43 6504
78 -20 6504
31 -47 6504
51 20 6504
58 7 6504
69 11 6504
70 1 6504
26 -44 6504
28 2 6504
97 -31 6505
4 7 6506
25 21 6506
32 7 6506
55 23 6506
61 6 6506
53 -8 6506
39 -14 6506
92 -47 6507
[0m[33m6507[0m
