18 0 0
3 0 0
41 0 0
88 0 0
48 0 0
39 0 0
66 0 0
59 0 0
86 0 0
23 0 1
97 0 2
46 0 3
75 0 3
51 0 3
9 0 3
38 0 3
40 0 3
87 0 3
6 0 4
60 0 5
61 0 5
31 0 5
65 0 5
49 0 5
90 0 5
58 0 5
4 0 6
87 0 7
21 0 8
30 0 8
8 0 8
66 0 9
88 0 9
73 0 9
58 0 9
16 0 9
58 0 9
52 0 9
94 0 9
28 0 10
41 0 10
39 0 10
30 0 10
85 0 11
88 0 11
18 0 12
13 0 12
24 0 12
42 0 12
0 0 13
68 0 13
74 0 14
81 0 14
66 0 14
0 0 15
74 0 15
97 0 15
0 0 16
82 0 16
43 0 17
47 0 18
35 0 19
19 0 19
0 0 20
93 0 20
0 0 21
50 0 21
17 0 22
0 0 23
62 0 23
0 0 24
91 0 24
77 0 24
66 0 25
81 0 25
23 0 26
77 0 27
84 0 28
0 0 29
24 0 29
0 0 30
50 0 30
80 0 30
0 0 31
43 0 31
0 0 32
3 0 32
2 0 32
48 0 33
0 0 34
5 0 34
0 0 35
6 0 35
82 0 36
18 0 36
78 0 36
46 0 37
78 0 37
28 0 37
86 0 37
92 0 37
0 0 38
79 0 39
12 0 40
0 0 43
80 0 43
76 0 43
75 0 43
0 0 44
86 0 44
35 0 45
0 0 46
52 0 46
0 0 56
52 0 56
51 0 56
28 0 57
70 0 57
0 0 58
2 0 58
95 0 59
65 0 59
7 0 66
0 0 69
94 0 69
84 0 74
98 0 74
3 0 75
17 0 75
54 0 75
99 0 76
84 0 78
0 0 79
70 0 87
30 0 87
12 0 87
60 0 89
70 0 89
84 0 98
0 0 99
49 0 99
2 0 103
0 0 104
57 0 104
0 0 105
52 0 109
72 0 110
55 0 111
0 0 112
6 0 112
96 0 113
84 0 114
41 0 115
10 0 115
0 0 116
13 0 117
27 0 118
0 0 119
54 0 119
86 0 119
78 0 119
95 0 120
91 0 120
0 0 121
44 0 121
0 0 122
87 0 122
22 0 124
0 0 125
65 0 128
0 0 129
30 0 129
70 0 130
0 0 131
28 0 131
0 0 136
84 0 141
80 0 141
42 0 146
17 0 153
23 0 153
1 0 153
43 0 154
0 0 155
60 0 155
0 0 156
89 0 156
83 0 157
49 0 158
0 0 159
27 0 159
44 0 160
37 0 160
42 0 161
58 0 162
94 0 163
22 0 164
55 0 164
0 0 165
83 0 165
77 0 166
90 0 175
0 0 179
19 0 179
81 0 180
86 0 181
73 0 181
11 0 182
0 0 183
83 0 192
0 0 193
61 0 193
8 0 194
49 0 201
99 0 202
58 0 203
38 0 204
82 0 204
47 0 204
0 0 205
9 0 206
30 0 207
0 0 208
79 0 208
0 0 209
88 0 209
85 0 210
12 0 211
18 0 211
55 0 211
47 0 211
86 0 212
34 0 217
63 0 218
11 0 219
30 0 219
84 0 222
89 0 223
33 0 223
30 0 227
16 0 227
23 0 228
3 0 229
89 0 229
0 0 230
85 0 235
0 0 236
9 0 236
0 0 246
92 0 246
0 0 247
18 0 247
68 0 248
13 0 249
89 0 250
38 0 250
97 0 250
82 0 250
0 0 251
58 0 251
27 0 251
0 0 252
73 0 259
28 0 260
4 0 260
51 0 260
77 0 261
79 0 262
8 0 263
0 0 264
17 0 264
0 0 265
71 0 265
36 0 265
88 0 265
0 0 269
54 0 269
34 0 269
61 0 269
21 0 270
30 0 271
34 0 272
29 0 273
0 0 274
47 0 274
33 0 274
97 0 274
45 0 274
0 0 279
77 0 279
93 0 280
0 0 281
63 0 281
52 0 282
0 0 283
22 0 283
0 0 284
63 0 284
52 0 284
41 0 285
1 0 285
0 0 295
26 0 295
76 0 295
0 0 302
43 0 302
86 0 305
81 0 305
0 0 306
91 0 310
79 0 310
0 0 311
79 0 311
71 0 317
70 0 318
0 0 327
83 0 327
71 0 328
55 0 329
0 0 330
72 0 330
13 0 331
0 0 332
33 0 332
0 0 335
38 0 335
0 0 336
75 0 336
0 0 337
15 0 337
21 0 337
0 0 338
92 0 338
53 0 339
82 0 340
92 0 340
34 0 341
0 0 342
99 0 342
71 0 342
0 0 343
16 0 349
12 0 350
77 0 350
40 0 350
18 0 350
67 0 350
23 0 350
0 0 351
95 0 351
98 0 352
3 0 353
0 0 354
16 0 359
67 0 359
0 0 360
93 0 360
0 0 361
47 0 362
23 0 363
0 0 364
6 0 364
93 0 365
0 0 366
23 0 366
0 0 376
90 0 376
69 0 376
0 0 377
55 0 377
86 0 377
50 0 377
83 0 378
21 0 388
20 0 389
0 0 390
43 0 390
0 0 391
26 0 391
75 0 392
12 0 393
0 0 394
64 0 394
12 0 401
0 0 404
84 0 404
51 0 405
6 0 406
78 0 406
69 0 409
0 0 410
55 0 410
0 0 411
99 0 411
31 0 411
60 0 412
92 0 412
18 0 413
0 0 423
71 0 430
17 0 439
19 0 440
29 0 440
21 0 440
17 0 440
30 0 441
46 0 442
62 0 443
25 0 444
11 0 445
14 0 446
0 0 450
14 0 450
0 0 451
26 0 451
55 0 451
38 0 451
71 0 451
8 0 460
34 0 460
37 0 466
71 0 467
0 0 468
14 0 468
0 0 469
40 0 469
54 0 469
0 0 470
92 0 470
55 0 470
56 0 473
0 0 474
87 0 481
0 0 482
51 0 482
3 0 483
7 0 489
15 0 489
66 0 489
15 0 490
86 0 491
45 0 491
0 0 492
64 0 492
48 0 492
64 0 492
19 0 501
0 0 502
52 0 502
0 0 503
45 0 503
28 0 503
0 0 504
72 0 504
33 0 504
5 0 505
0 0 506
26 0 506
15 0 506
54 0 506
0 0 507
99 0 507
0 0 508
10 0 508
55 0 509
29 0 510
0 0 511
85 0 511
94 0 511
37 0 512
0 0 513
48 0 513
0 0 514
35 0 514
15 0 515
68 0 516
49 0 519
46 0 520
48 0 521
27 0 521
0 0 522
63 0 522
0 0 528
14 0 528
0 0 529
48 0 536
52 0 537
6 0 537
0 0 538
35 0 538
0 0 539
14 0 539
75 0 540
6 0 548
57 0 548
6 0 549
30 0 549
0 0 558
1 0 558
0 0 559
14 0 559
81 0 559
51 0 560
85 0 560
87 0 561
0 0 562
83 0 562
34 0 570
0 0 571
60 0 571
19 0 580
1 0 581
0 0 589
66 0 589
19 0 589
71 0 590
32 0 591
23 0 591
54 0 591
0 0 592
77 0 592
15 0 593
0 0 598
66 0 598
9 0 599
0 0 600
20 0 600
96 0 600
75 0 600
30 0 606
0 0 607
33 0 607
2 0 608
26 0 608
0 0 609
73 0 609
10 0 609
64 0 618
61 0 619
0 0 620
39 0 620
8 0 620
54 0 620
11 0 629
14 0 630
62 0 630
39 0 630
0 0 637
57 0 637
0 0 638
87 0 638
0 0 639
2 0 639
56 0 643
94 0 644
56 0 645
15 0 645
30 0 646
0 0 647
2 0 647
76 0 648
53 0 653
0 0 654
83 0 654
81 0 663
66 0 664
0 0 665
64 0 665
74 0 672
2 0 672
16 0 675
82 0 675
86 0 676
87 0 676
43 0 676
89 0 678
0 0 679
90 0 682
0 0 685
6 0 685
0 0 686
43 0 687
0 0 688
74 0 688
56 0 688
92 0 693
0 0 694
64 0 695
46 0 695
92 0 696
0 0 697
97 0 697
38 0 697
54 0 697
28 0 697
24 0 698
0 0 699
85 0 699
0 0 700
10 0 700
24 0 701
38 0 707
66 0 707
0 0 708
58 0 708
55 0 714
2 0 714
38 0 714
0 0 715
70 0 718
0 0 719
1 0 719
76 0 719
25 0 720
36 0 721
93 0 721
36 0 722
52 0 722
45 0 727
58 0 728
31 0 729
20 0 729
33 0 733
0 0 734
26 0 734
60 0 734
93 0 744
0 0 745
16 0 745
46 0 746
50 0 746
0 0 747
39 0 747
57 0 748
0 0 749
89 0 751
58 0 751
12 0 751
78 0 751
0 0 752
47 0 752
0 0 753
96 0 753
95 0 759
97 0 760
0 0 761
54 0 761
0 0 762
14 0 762
52 0 763
94 0 764
16 0 765
63 0 775
0 0 776
8 0 779
69 0 780
72 0 780
84 0 785
0 0 786
98 0 786
0 0 787
17 0 787
0 0 788
2 0 788
35 0 788
22 0 789
26 0 790
0 0 792
70 0 794
19 0 794
0 0 795
29 0 800
0 0 801
10 0 801
69 0 802
55 0 805
0 0 806
45 0 806
0 0 807
85 0 815
62 0 815
28 0 815
50 0 825
0 0 826
55 0 835
42 0 836
0 0 837
35 0 837
12 0 838
13 0 839
23 0 840
94 0 840
87 0 842
16 0 842
0 0 843
64 0 843
0 0 844
72 0 844
57 0 853
70 0 853
33 0 854
79 0 858
88 0 859
0 0 866
39 0 866
0 0 867
10 0 867
18 0 868
30 0 869
90 0 870
89 0 871
0 0 876
41 0 876
61 0 877
35 0 882
36 0 882
88 0 883
52 0 883
67 0 883
0 0 884
71 0 886
0 0 887
57 0 887
0 0 890
60 0 890
0 0 891
46 0 896
0 0 897
80 0 897
0 0 898
90 0 898
79 0 899
0 0 901
68 0 907
14 0 908
68 0 908
44 0 908
0 0 909
67 0 909
90 0 918
2 0 918
98 0 919
0 0 920
42 0 922
85 0 923
0 0 924
91 0 924
33 0 924
84 0 924
1 0 927
48 0 927
69 0 927
0 0 928
45 0 928
29 0 929
94 0 929
0 0 930
20 0 930
0 0 931
5 0 939
0 0 940
48 0 940
0 0 941
35 0 949
0 0 950
29 0 950
17 0 950
0 0 951
18 0 951
57 0 952
35 0 952
23 0 958
48 0 959
0 0 960
44 0 968
3 0 969
90 0 970
86 0 976
0 0 977
59 0 977
0 0 978
41 0 980
0 0 981
91 0 981
63 0 981
36 0 985
19 0 986
0 0 987
59 0 987
24 0 988
88 0 989
0 0 990
35 0 999
19 0 1009
0 0 1010
86 0 1010
30 0 1019
0 0 1020
60 0 1029
41 0 1029
54 0 1037
85 0 1037
80 0 1037
41 0 1038
46 0 1045
0 0 1054
77 0 1054
0 0 1055
61 0 1055
0 0 1056
39 0 1056
82 0 1056
65 0 1056
0 0 1065
52 0 1065
0 0 1066
64 0 1066
5 0 1073
19 0 1074
63 0 1074
55 0 1074
0 0 1075
17 0 1075
0 0 1076
69 0 1076
0 0 1086
55 0 1086
0 0 1087
61 0 1087
0 0 1088
13 0 1088
85 0 1089
13 0 1090
0 0 1091
31 0 1094
0 0 1095
61 0 1099
75 0 1099
12 0 1100
0 0 1101
59 0 1101
32 0 1103
99 0 1104
31 0 1110
23 0 1111
20 0 1111
77 0 1111
7 0 1112
0 0 1113
12 0 1113
55 0 1113
49 0 1114
0 0 1115
25 0 1115
50 0 1116
0 0 1117
46 0 1117
0 0 1118
94 0 1127
42 0 1128
0 0 1129
63 0 1129
0 0 1130
7 0 1130
31 0 1130
80 0 1137
53 0 1138
0 0 1139
9 0 1139
0 0 1140
11 0 1140
0 0 1141
44 0 1141
37 0 1142
35 0 1142
0 0 1143
23 0 1145
63 0 1146
21 0 1146
9 0 1147
22 0 1147
0 0 1157
34 0 1157
0 0 1158
87 0 1158
5 0 1158
50 0 1159
72 0 1160
37 0 1160
44 0 1160
69 0 1161
28 0 1161
0 0 1162
89 0 1169
11 0 1175
0 0 1181
3 0 1181
0 0 1182
6 0 1186
95 0 1186
31 0 1187
0 0 1188
51 0 1188
34 0 1193
0 0 1197
95 0 1197
0 0 1198
24 0 1198
92 0 1198
61 0 1206
0 0 1207
44 0 1207
21 0 1208
45 0 1208
32 0 1209
1 0 1210
95 0 1210
18 0 1211
77 0 1212
28 0 1213
0 0 1214
29 0 1214
48 0 1215
44 0 1215
0 0 1216
77 0 1216
26 0 1217
0 0 1218
90 0 1218
0 0 1219
2 0 1219
39 0 1220
99 0 1220
7 0 1220
8 0 1230
39 0 1231
0 0 1232
76 0 1236
0 0 1237
68 0 1237
0 0 1238
77 0 1238
3 0 1238
25 0 1247
33 0 1247
0 0 1250
17 0 1250
0 0 1251
13 0 1251
7 0 1252
22 0 1253
14 0 1254
0 0 1255
75 0 1255
80 0 1258
4 0 1259
40 0 1261
72 0 1261
95 0 1261
17 0 1262
25 0 1265
81 0 1266
0 0 1275
7 0 1275
60 0 1276
0 0 1285
80 0 1285
0 0 1286
90 0 1286
52 0 1286
86 0 1287
0 0 1288
20 0 1288
0 0 1289
8 0 1289
80 0 1296
1 0 1297
60 0 1297
36 0 1306
65 0 1306
0 0 1313
69 0 1313
82 0 1313
47 0 1316
29 0 1321
19 0 1322
38 0 1323
19 0 1324
0 0 1325
28 0 1325
14 0 1326
0 0 1327
23 0 1327
98 0 1327
23 0 1327
32 0 1328
55 0 1329
81 0 1329
0 0 1330
93 0 1330
33 0 1330
0 0 1331
4 0 1335
0 0 1336
81 0 1343
0 0 1350
58 0 1350
0 0 1351
81 0 1353
65 0 1353
42 0 1354
0 0 1355
43 0 1355
80 0 1356
56 0 1356
6 0 1357
0 0 1358
87 0 1358
48 0 1358
0 0 1366
8 0 1368
71 0 1369
96 0 1369
52 0 1370
83 0 1371
0 0 1377
13 0 1380
70 0 1386
59 0 1387
63 0 1393
36 0 1393
0 0 1394
18 0 1394
75 0 1394
55 0 1395
30 0 1403
0 0 1404
14 0 1412
44 0 1413
91 0 1413
20 0 1413
63 0 1414
0 0 1415
19 0 1415
0 0 1416
11 0 1419
0 0 1420
47 0 1420
0 0 1429
83 0 1429
8 0 1430
49 0 1431
29 0 1433
35 0 1436
0 0 1437
39 0 1437
50 0 1438
15 0 1439
0 0 1440
88 0 1440
0 0 1441
16 0 1449
30 0 1449
0 0 1457
58 0 1457
0 0 1458
51 0 1459
0 0 1462
25 0 1462
7 0 1465
0 0 1466
3 0 1466
0 0 1467
88 0 1467
82 0 1467
0 0 1468
29 0 1468
1 0 1469
39 0 1471
88 0 1472
0 0 1473
25 0 1473
0 0 1483
9 0 1483
0 0 1485
86 0 1488
0 0 1489
85 0 1489
70 0 1490
23 0 1490
9 0 1491
2 0 1492
0 0 1493
12 0 1493
29 0 1494
0 0 1500
2 0 1500
10 0 1500
0 0 1505
25 0 1505
7 0 1505
47 0 1509
0 0 1510
81 0 1510
0 0 1511
55 0 1511
21 0 1511
95 0 1512
31 0 1513
38 0 1513
0 0 1514
57 0 1514
0 0 1515
56 0 1515
81 0 1515
31 0 1515
0 0 1516
8 0 1516
48 0 1522
49 0 1522
0 0 1523
81 0 1523
0 0 1525
62 0 1525
16 0 1529
0 0 1537
33 0 1537
32 0 1537
91 0 1538
75 0 1546
85 0 1547
0 0 1548
50 0 1548
0 0 1549
39 0 1549
46 0 1550
24 0 1551
74 0 1552
55 0 1552
26 0 1552
63 0 1553
73 0 1553
58 0 1563
75 0 1564
40 0 1570
83 0 1571
0 0 1572
1 0 1572
0 0 1573
35 0 1573
0 0 1574
85 0 1574
97 0 1575
83 0 1575
97 0 1576
10 0 1577
0 0 1578
16 0 1578
0 0 1579
14 0 1579
0 0 1580
21 0 1580
57 0 1580
0 0 1581
34 0 1581
68 0 1582
0 0 1588
14 0 1588
53 0 1597
0 0 1598
1 0 1598
68 0 1598
56 0 1598
0 0 1600
89 0 1600
97 0 1600
54 0 1600
8 0 1600
0 0 1609
6 0 1609
0 0 1610
20 0 1610
0 0 1611
24 0 1618
0 0 1619
99 0 1619
24 0 1620
68 0 1621
95 0 1621
4 0 1621
95 0 1621
35 0 1622
70 0 1624
77 0 1625
27 0 1625
92 0 1629
42 0 1629
0 0 1630
9 0 1630
44 0 1630
78 0 1634
0 0 1635
88 0 1635
91 0 1636
20 0 1639
28 0 1639
0 0 1640
14 0 1645
0 0 1646
39 0 1646
86 0 1646
0 0 1647
83 0 1647
93 0 1648
89 0 1648
16 0 1648
60 0 1649
0 0 1654
33 0 1654
14 0 1655
99 0 1656
25 0 1656
14 0 1664
53 0 1664
26 0 1665
37 0 1665
63 0 1666
0 0 1667
18 0 1667
79 0 1668
44 0 1668
0 0 1669
43 0 1669
0 0 1670
8 0 1674
98 0 1675
21 0 1675
18 0 1676
0 0 1677
85 0 1677
91 0 1677
80 0 1678
28 0 1679
54 0 1679
38 0 1682
0 0 1683
57 0 1689
16 0 1695
76 0 1703
85 0 1703
58 0 1703
0 0 1711
70 0 1720
41 0 1720
0 0 1721
57 0 1721
0 0 1722
77 0 1722
94 0 1722
0 0 1723
68 0 1723
61 0 1723
75 0 1723
55 0 1724
0 0 1725
25 0 1725
99 0 1726
75 0 1726
0 0 1734
50 0 1734
9 0 1735
0 0 1736
58 0 1736
20 0 1737
0 0 1740
92 0 1740
0 0 1741
51 0 1741
54 0 1741
0 0 1742
78 0 1742
0 0 1743
68 0 1743
48 0 1745
14 0 1745
15 0 1750
71 0 1751
0 0 1757
76 0 1757
56 0 1757
65 0 1758
71 0 1759
43 0 1760
81 0 1766
53 0 1769
19 0 1769
56 0 1770
48 0 1770
61 0 1770
82 0 1771
3 0 1771
27 0 1775
17 0 1783
10 0 1784
0 0 1785
72 0 1785
0 0 1786
81 0 1788
49 0 1788
64 0 1788
19 0 1789
87 0 1790
0 0 1799
59 0 1799
80 0 1800
79 0 1800
91 0 1802
61 0 1809
0 0 1810
90 0 1810
0 0 1816
85 0 1816
55 0 1816
46 0 1817
67 0 1817
0 0 1818
98 0 1818
0 0 1819
70 0 1825
89 0 1832
16 0 1833
0 0 1834
70 0 1838
47 0 1838
0 0 1839
84 0 1839
72 0 1840
63 0 1841
58 0 1842
0 0 1843
62 0 1843
48 0 1844
0 0 1845
81 0 1845
42 0 1845
0 0 1846
65 0 1846
0 0 1847
26 0 1847
30 0 1847
0 0 1848
92 0 1848
38 0 1852
12 0 1858
0 0 1859
64 0 1859
0 0 1860
79 0 1866
90 0 1867
66 0 1868
5 0 1869
92 0 1877
56 0 1878
0 0 1879
68 0 1881
72 0 1882
71 0 1882
69 0 1886
0 0 1889
46 0 1889
82 0 1890
49 0 1895
0 0 1896
42 0 1896
0 0 1898
45 0 1900
25 0 1901
65 0 1903
70 0 1903
82 0 1904
0 0 1905
50 0 1910
67 0 1917
16 0 1918
2 0 1919
0 0 1920
88 0 1920
52 0 1920
0 0 1922
22 0 1922
63 0 1922
48 0 1923
32 0 1923
0 0 1924
31 0 1927
30 0 1927
26 0 1927
25 0 1927
0 0 1928
51 0 1934
83 0 1934
3 0 1935
10 0 1936
22 0 1938
0 0 1939
68 0 1939
77 0 1940
25 0 1941
15 0 1942
0 0 1943
89 0 1943
49 0 1943
38 0 1943
0 0 1944
42 0 1944
73 0 1948
0 0 1955
7 0 1963
69 0 1970
84 0 1970
0 0 1975
67 0 1975
94 0 1975
0 0 1984
4 0 1984
28 0 1985
16 0 1985
45 0 1985
4 0 1986
0 0 1992
67 0 1992
93 0 1993
46 0 2003
88 0 2004
0 0 2005
20 0 2005
80 0 2006
0 0 2009
23 0 2009
0 0 2010
39 0 2010
40 0 2010
94 0 2010
2 0 2011
0 0 2012
26 0 2012
99 0 2013
5 0 2021
53 0 2024
1 0 2025
34 0 2025
70 0 2026
2 0 2026
0 0 2027
74 0 2027
48 0 2028
74 0 2028
0 0 2029
64 0 2029
0 0 2030
97 0 2030
0 0 2031
88 0 2034
59 0 2034
22 0 2042
27 0 2043
0 0 2044
6 0 2049
69 0 2051
0 0 2055
49 0 2055
68 0 2058
0 0 2059
69 0 2059
70 0 2062
62 0 2062
0 0 2063
40 0 2063
0 0 2064
62 0 2064
98 0 2064
0 0 2065
96 0 2065
0 0 2066
26 0 2066
23 0 2066
0 0 2067
24 0 2067
45 0 2068
0 0 2069
88 0 2074
27 0 2074
32 0 2075
99 0 2076
7 0 2076
86 0 2076
33 0 2076
87 0 2076
59 0 2077
57 0 2077
2 0 2077
0 0 2078
96 0 2080
94 0 2081
96 0 2082
0 0 2083
82 0 2083
0 0 2084
78 0 2084
93 0 2084
81 0 2085
0 0 2086
6 0 2086
98 0 2094
0 0 2095
15 0 2101
0 0 2102
84 0 2111
0 0 2112
72 0 2112
76 0 2120
48 0 2121
0 0 2122
48 0 2122
89 0 2122
0 0 2130
28 0 2130
46 0 2131
0 0 2132
58 0 2132
0 0 2138
43 0 2138
59 0 2139
0 0 2141
88 0 2141
70 0 2149
62 0 2150
94 0 2151
2 0 2151
82 0 2151
29 0 2151
0 0 2152
2 0 2152
0 0 2153
97 0 2153
54 0 2156
99 0 2157
0 0 2158
74 0 2165
10 0 2165
0 0 2166
66 0 2166
22 0 2167
42 0 2167
0 0 2168
22 0 2168
0 0 2169
22 0 2169
57 0 2169
62 0 2171
0 0 2172
94 0 2172
57 0 2180
96 0 2181
21 0 2182
7 0 2183
80 0 2184
0 0 2185
89 0 2185
51 0 2186
42 0 2187
56 0 2187
88 0 2188
0 0 2189
21 0 2189
0 0 2190
28 0 2190
0 0 2194
11 0 2194
34 0 2203
45 0 2211
0 0 2212
29 0 2212
59 0 2212
69 0 2215
96 0 2216
83 0 2216
9 0 2224
6 0 2227
28 0 2228
9 0 2229
76 0 2230
80 0 2231
92 0 2232
0 0 2242
30 0 2242
85 0 2242
0 0 2252
16 0 2252
0 0 2253
90 0 2253
60 0 2254
0 0 2257
60 0 2257
64 0 2257
69 0 2258
8 0 2268
74 0 2269
70 0 2269
67 0 2270
81 0 2270
11 0 2271
95 0 2271
0 0 2272
53 0 2272
0 0 2273
55 0 2277
0 0 2278
31 0 2278
41 0 2279
20 0 2280
56 0 2280
35 0 2286
75 0 2287
0 0 2295
48 0 2295
45 0 2297
28 0 2306
19 0 2307
59 0 2307
21 0 2307
24 0 2307
0 0 2308
53 0 2308
0 0 2309
98 0 2309
0 0 2310
78 0 2310
46 0 2311
0 0 2312
31 0 2312
25 0 2312
0 0 2313
78 0 2313
24 0 2314
7 0 2315
65 0 2315
36 0 2315
90 0 2315
0 0 2316
58 0 2320
52 0 2322
2 0 2326
37 0 2326
0 0 2327
95 0 2327
13 0 2336
44 0 2336
97 0 2338
78 0 2338
66 0 2346
29 0 2347
24 0 2347
2 0 2352
44 0 2352
0 0 2353
29 0 2357
3 0 2357
6 0 2357
42 0 2357
0 0 2358
40 0 2358
76 0 2359
0 0 2360
39 0 2360
0 0 2361
53 0 2362
96 0 2362
0 0 2363
96 0 2363
2 0 2363
18 0 2364
91 0 2365
31 0 2367
63 0 2367
87 0 2368
0 0 2377
30 0 2377
0 0 2378
1 0 2378
23 0 2379
95 0 2379
0 0 2382
16 0 2382
93 0 2391
85 0 2392
80 0 2393
4 0 2402
0 0 2403
80 0 2403
82 0 2404
0 0 2410
69 0 2410
64 0 2416
63 0 2417
80 0 2418
10 0 2418
96 0 2418
63 0 2418
29 0 2419
48 0 2419
63 0 2420
95 0 2421
39 0 2421
32 0 2422
93 0 2422
0 0 2423
18 0 2423
50 0 2424
0 0 2425
94 0 2425
84 0 2426
0 0 2431
71 0 2431
57 0 2431
0 0 2432
72 0 2432
82 0 2432
0 0 2436
61 0 2436
90 0 2437
6 0 2437
27 0 2438
0 0 2439
45 0 2448
0 0 2449
63 0 2449
50 0 2449
58 0 2454
87 0 2454
16 0 2457
1 0 2457
63 0 2458
56 0 2458
44 0 2465
90 0 2465
0 0 2466
62 0 2466
56 0 2466
0 0 2467
49 0 2467
43 0 2468
18 0 2468
0 0 2469
13 0 2469
34 0 2470
0 0 2471
77 0 2471
0 0 2481
71 0 2481
18 0 2482
22 0 2483
53 0 2489
97 0 2490
98 0 2491
74 0 2492
79 0 2493
0 0 2494
69 0 2494
0 0 2495
44 0 2495
90 0 2495
6 0 2496
11 0 2496
97 0 2497
74 0 2498
0 0 2499
95 0 2503
25 0 2507
46 0 2508
66 0 2509
94 0 2518
98 0 2519
41 0 2519
80 0 2519
0 0 2520
20 0 2520
0 0 2521
85 0 2521
0 0 2522
97 0 2526
4 0 2533
0 0 2534
37 0 2534
0 0 2535
5 0 2538
0 0 2539
96 0 2541
0 0 2542
7 0 2542
17 0 2542
56 0 2546
61 0 2547
0 0 2548
64 0 2548
0 0 2558
76 0 2560
0 0 2561
39 0 2568
0 0 2569
21 0 2569
0 0 2574
68 0 2574
22 0 2574
55 0 2575
0 0 2576
75 0 2576
0 0 2577
74 0 2585
76 0 2586
32 0 2591
24 0 2591
57 0 2592
10 0 2600
71 0 2600
0 0 2601
89 0 2601
81 0 2602
0 0 2603
27 0 2603
0 0 2604
4 0 2604
0 0 2605
1 0 2605
89 0 2606
61 0 2612
55 0 2613
56 0 2613
0 0 2614
3 0 2614
0 0 2615
89 0 2623
0 0 2624
46 0 2625
0 0 2626
72 0 2626
19 0 2626
0 0 2630
59 0 2630
72 0 2630
37 0 2634
33 0 2635
79 0 2638
22 0 2646
5 0 2647
94 0 2647
8 0 2647
3 0 2648
0 0 2649
67 0 2654
65 0 2654
0 0 2655
56 0 2655
13 0 2665
61 0 2670
21 0 2671
0 0 2672
15 0 2672
58 0 2673
9 0 2673
62 0 2674
0 0 2675
41 0 2675
77 0 2675
0 0 2680
80 0 2680
68 0 2680
97 0 2681
23 0 2682
4 0 2683
79 0 2683
11 0 2683
0 0 2684
54 0 2684
0 0 2688
63 0 2688
49 0 2688
54 0 2689
2 0 2696
78 0 2699
44 0 2699
84 0 2699
54 0 2699
0 0 2700
45 0 2706
23 0 2706
87 0 2706
0 0 2707
93 0 2707
0 0 2710
39 0 2719
0 0 2720
11 0 2723
0 0 2724
9 0 2724
0 0 2725
11 0 2725
0 0 2729
18 0 2731
0 0 2732
67 0 2732
54 0 2732
35 0 2733
95 0 2734
25 0 2734
54 0 2735
22 0 2736
0 0 2737
12 0 2737
1 0 2738
22 0 2740
43 0 2747
0 0 2748
30 0 2748
76 0 2749
98 0 2750
66 0 2753
40 0 2754
0 0 2755
91 0 2755
83 0 2756
43 0 2756
44 0 2766
0 0 2767
68 0 2770
0 0 2771
67 0 2771
43 0 2772
10 0 2772
0 0 2773
93 0 2773
46 0 2773
99 0 2774
22 0 2775
2 0 2778
74 0 2778
0 0 2782
33 0 2787
62 0 2794
5 0 2794
0 0 2795
91 0 2798
22 0 2798
28 0 2798
0 0 2799
43 0 2804
18 0 2804
79 0 2804
0 0 2805
97 0 2805
0 0 2806
17 0 2806
85 0 2807
37 0 2808
0 0 2809
36 0 2816
0 0 2817
3 0 2817
94 0 2821
0 0 2822
77 0 2822
29 0 2823
0 0 2824
1 0 2824
94 0 2825
30 0 2825
31 0 2828
0 0 2831
9 0 2831
88 0 2831
25 0 2832
57 0 2832
69 0 2832
55 0 2833
26 0 2840
78 0 2844
0 0 2850
59 0 2850
15 0 2858
65 0 2859
0 0 2860
83 0 2860
89 0 2860
28 0 2861
49 0 2867
93 0 2867
57 0 2868
42 0 2877
48 0 2880
68 0 2889
0 0 2890
63 0 2890
0 0 2898
12 0 2898
39 0 2898
59 0 2898
31 0 2899
18 0 2900
96 0 2901
0 0 2902
68 0 2906
20 0 2906
90 0 2906
55 0 2906
0 0 2907
3 0 2907
9 0 2907
68 0 2908
77 0 2908
39 0 2908
0 0 2909
58 0 2909
61 0 2910
12 0 2910
58 0 2911
35 0 2911
43 0 2911
67 0 2921
97 0 2922
84 0 2927
29 0 2927
69 0 2934
0 0 2935
35 0 2935
50 0 2936
8 0 2936
73 0 2937
95 0 2938
22 0 2938
91 0 2939
57 0 2940
50 0 2941
43 0 2942
49 0 2950
51 0 2951
38 0 2952
88 0 2952
48 0 2952
0 0 2953
18 0 2957
26 0 2958
0 0 2959
19 0 2959
13 0 2960
22 0 2960
67 0 2964
61 0 2970
70 0 2971
0 0 2972
10 0 2972
69 0 2972
0 0 2973
31 0 2973
0 0 2974
54 0 2976
65 0 2976
72 0 2984
0 0 2990
78 0 2990
38 0 2991
88 0 2991
0 0 2992
21 0 2992
90 0 2992
50 0 2992
0 0 2993
42 0 2993
35 0 2994
58 0 2994
87 0 2994
0 0 2995
52 0 3000
2 0 3000
28 0 3008
58 0 3009
0 0 3010
15 0 3010
37 0 3013
52 0 3013
23 0 3014
3 0 3015
0 0 3016
88 0 3016
38 0 3016
0 0 3017
21 0 3022
7 0 3022
13 0 3023
86 0 3025
18 0 3030
94 0 3033
52 0 3035
0 0 3036
43 0 3036
70 0 3045
0 0 3048
11 0 3048
0 0 3049
57 0 3049
93 0 3049
20 0 3049
0 0 3050
48 0 3056
67 0 3056
0 0 3057
41 0 3057
90 0 3058
2 0 3060
0 0 3069
39 0 3069
0 0 3077
16 0 3077
0 0 3078
89 0 3078
0 0 3079
75 0 3079
0 0 3080
24 0 3080
92 0 3081
0 0 3082
4 0 3082
78 0 3083
0 0 3084
38 0 3087
0 0 3088
64 0 3088
81 0 3095
14 0 3099
0 0 3100
70 0 3100
0 0 3101
58 0 3101
42 0 3101
0 0 3102
60 0 3102
74 0 3103
10 0 3103
81 0 3104
45 0 3104
0 0 3105
91 0 3105
0 0 3106
97 0 3106
42 0 3107
20 0 3108
60 0 3108
42 0 3109
0 0 3118
69 0 3118
77 0 3119
5 0 3120
0 0 3122
94 0 3125
0 0 3126
41 0 3126
78 0 3131
0 0 3132
82 0 3132
4 0 3133
1 0 3139
9 0 3140
0 0 3141
86 0 3149
41 0 3150
83 0 3151
0 0 3152
50 0 3152
6 0 3152
59 0 3153
0 0 3154
49 0 3154
94 0 3155
69 0 3156
11 0 3157
0 0 3158
32 0 3158
69 0 3165
0 0 3166
89 0 3166
0 0 3167
40 0 3167
6 0 3174
57 0 3175
0 0 3176
9 0 3176
96 0 3176
0 0 3177
42 0 3177
0 0 3178
75 0 3178
0 0 3179
65 0 3179
5 0 3179
67 0 3179
0 0 3180
68 0 3181
0 0 3182
6 0 3188
0 0 3192
35 0 3194
0 0 3195
32 0 3195
2 0 3196
82 0 3197
38 0 3197
40 0 3198
71 0 3198
0 0 3199
95 0 3208
0 0 3209
57 0 3209
79 0 3210
0 0 3211
92 0 3211
0 0 3212
42 0 3212
57 0 3212
0 0 3213
92 0 3213
24 0 3214
15 0 3219
11 0 3219
0 0 3220
84 0 3220
8 0 3221
50 0 3222
0 0 3223
32 0 3223
48 0 3224
17 0 3225
0 0 3226
78 0 3231
11 0 3232
98 0 3236
73 0 3238
39 0 3239
38 0 3248
49 0 3257
73 0 3258
92 0 3259
0 0 3260
25 0 3260
0 0 3261
9 0 3261
88 0 3265
54 0 3265
64 0 3266
0 0 3267
72 0 3267
0 0 3268
75 0 3268
3 0 3268
0 0 3269
21 0 3269
9 0 3270
0 0 3279
96 0 3279
93 0 3283
0 0 3284
85 0 3285
18 0 3286
11 0 3287
0 0 3288
29 0 3288
0 0 3289
46 0 3289
92 0 3289
0 0 3290
1 0 3290
0 0 3291
1 0 3291
31 0 3292
20 0 3292
9 0 3293
85 0 3293
99 0 3294
0 0 3295
75 0 3295
0 0 3296
32 0 3296
95 0 3296
0 0 3297
88 0 3297
4 0 3298
0 0 3299
37 0 3299
0 0 3300
9 0 3300
74 0 3302
70 0 3303
0 0 3304
68 0 3304
51 0 3305
48 0 3305
0 0 3306
32 0 3312
69 0 3313
86 0 3314
0 0 3315
55 0 3315
77 0 3315
11 0 3316
0 0 3317
97 0 3317
0 0 3318
42 0 3318
16 0 3318
83 0 3319
5 0 3319
84 0 3329
97 0 3330
0 0 3331
40 0 3331
64 0 3331
0 0 3332
85 0 3332
70 0 3333
16 0 3333
0 0 3334
22 0 3334
0 0 3336
41 0 3336
51 0 3336
76 0 3337
86 0 3338
41 0 3341
0 0 3342
50 0 3342
74 0 3343
0 0 3344
55 0 3345
14 0 3345
8 0 3345
78 0 3346
62 0 3346
68 0 3346
0 0 3347
9 0 3347
98 0 3348
77 0 3348
23 0 3349
55 0 3350
98 0 3350
0 0 3351
48 0 3351
7 0 3352
48 0 3353
14 0 3354
39 0 3355
26 0 3355
0 0 3357
31 0 3357
20 0 3358
17 0 3358
47 0 3359
0 0 3360
79 0 3360
19 0 3361
0 0 3371
43 0 3371
65 0 3371
79 0 3371
12 0 3372
22 0 3372
21 0 3375
0 0 3376
71 0 3382
0 0 3383
39 0 3383
0 0 3390
41 0 3390
0 0 3391
52 0 3391
0 0 3392
9 0 3394
0 0 3395
84 0 3395
80 0 3396
0 0 3397
89 0 3397
6 0 3398
0 0 3399
74 0 3399
0 0 3400
87 0 3400
0 0 3401
7 0 3409
0 0 3410
18 0 3418
10 0 3419
0 0 3420
63 0 3420
0 0 3421
10 0 3423
74 0 3431
38 0 3431
35 0 3440
53 0 3441
78 0 3448
69 0 3457
48 0 3462
88 0 3463
82 0 3464
0 0 3465
35 0 3470
78 0 3471
0 0 3472
50 0 3472
0 0 3482
39 0 3482
16 0 3483
0 0 3484
73 0 3484
92 0 3485
24 0 3486
35 0 3487
69 0 3488
92 0 3491
29 0 3491
30 0 3491
49 0 3495
30 0 3495
0 0 3496
55 0 3496
0 0 3497
78 0 3497
37 0 3501
46 0 3501
0 0 3502
34 0 3502
2 0 3503
0 0 3504
65 0 3508
1 0 3508
15 0 3509
69 0 3515
42 0 3516
25 0 3517
43 0 3517
96 0 3518
83 0 3519
75 0 3519
41 0 3519
0 0 3520
22 0 3520
0 0 3521
60 0 3521
3 0 3521
48 0 3522
34 0 3523
60 0 3523
0 0 3524
71 0 3524
42 0 3525
74 0 3525
0 0 3526
96 0 3533
46 0 3543
64 0 3547
22 0 3547
90 0 3547
86 0 3548
95 0 3549
25 0 3550
77 0 3550
0 0 3551
5 0 3551
45 0 3558
0 0 3568
77 0 3568
21 0 3575
0 0 3576
99 0 3576
0 0 3577
13 0 3579
39 0 3579
0 0 3580
98 0 3580
51 0 3581
82 0 3589
11 0 3590
4 0 3591
32 0 3592
56 0 3592
0 0 3593
75 0 3593
84 0 3594
0 0 3595
90 0 3595
41 0 3601
95 0 3607
0 0 3608
5 0 3608
0 0 3609
81 0 3609
60 0 3609
0 0 3610
63 0 3610
0 0 3612
91 0 3612
74 0 3615
30 0 3615
91 0 3616
80 0 3616
0 0 3625
19 0 3625
0 0 3626
3 0 3626
0 0 3627
21 0 3627
12 0 3627
91 0 3628
95 0 3636
84 0 3637
57 0 3637
0 0 3638
71 0 3638
78 0 3639
24 0 3640
70 0 3641
47 0 3645
1 0 3655
0 0 3656
85 0 3658
67 0 3660
0 0 3661
17 0 3661
47 0 3661
8 0 3670
0 0 3676
73 0 3676
27 0 3676
88 0 3682
0 0 3684
78 0 3688
0 0 3689
82 0 3689
40 0 3690
0 0 3691
43 0 3691
17 0 3691
0 0 3692
45 0 3697
70 0 3698
32 0 3701
54 0 3702
12 0 3703
0 0 3704
66 0 3711
0 0 3712
1 0 3712
0 0 3718
96 0 3718
79 0 3719
25 0 3719
27 0 3719
64 0 3720
67 0 3721
99 0 3721
56 0 3721
61 0 3722
7 0 3723
35 0 3727
71 0 3727
0 0 3728
76 0 3728
17 0 3729
62 0 3729
20 0 3729
71 0 3730
0 0 3731
79 0 3731
0 0 3732
33 0 3732
30 0 3734
42 0 3735
0 0 3736
55 0 3736
46 0 3737
74 0 3737
19 0 3737
0 0 3741
94 0 3747
40 0 3748
53 0 3748
0 0 3749
81 0 3749
23 0 3749
15 0 3758
69 0 3758
0 0 3759
93 0 3759
73 0 3768
42 0 3768
75 0 3769
0 0 3770
85 0 3770
39 0 3770
88 0 3771
57 0 3771
33 0 3772
71 0 3781
55 0 3782
29 0 3782
0 0 3783
25 0 3790
33 0 3799
93 0 3800
27 0 3801
0 0 3802
22 0 3811
0 0 3814
99 0 3814
0 0 3815
38 0 3823
70 0 3823
0 0 3824
20 0 3824
85 0 3824
0 0 3825
69 0 3833
22 0 3842
38 0 3843
86 0 3849
82 0 3850
0 0 3851
93 0 3851
0 0 3852
32 0 3852
0 0 3853
87 0 3853
57 0 3854
56 0 3854
62 0 3862
99 0 3862
64 0 3862
20 0 3862
70 0 3862
19 0 3867
0 0 3868
43 0 3868
70 0 3869
0 0 3870
99 0 3870
1 0 3879
51 0 3884
0 0 3885
51 0 3885
60 0 3888
0 0 3889
72 0 3889
0 0 3899
26 0 3899
86 0 3900
0 0 3901
54 0 3901
76 0 3908
0 0 3909
7 0 3909
92 0 3909
88 0 3918
16 0 3918
0 0 3928
36 0 3928
37 0 3928
14 0 3929
7 0 3929
0 0 3930
84 0 3930
0 0 3931
67 0 3931
81 0 3932
33 0 3933
0 0 3942
15 0 3947
74 0 3952
0 0 3953
53 0 3953
0 0 3954
80 0 3959
93 0 3960
1 0 3960
54 0 3961
34 0 3962
86 0 3963
0 0 3973
24 0 3973
0 0 3974
53 0 3978
19 0 3979
0 0 3980
18 0 3980
0 0 3981
67 0 3981
45 0 3982
80 0 3984
83 0 3985
0 0 3995
1 0 4003
0 0 4010
65 0 4010
42 0 4010
54 0 4010
0 0 4018
27 0 4018
0 0 4019
18 0 4019
53 0 4020
0 0 4021
54 0 4021
99 0 4028
90 0 4028
0 0 4029
2 0 4029
0 0 4036
60 0 4036
97 0 4037
69 0 4039
0 0 4040
1 0 4040
0 0 4041
11 0 4049
13 0 4049
48 0 4049
0 0 4050
39 0 4050
6 0 4050
33 0 4050
35 0 4050
3 0 4060
5 0 4061
91 0 4062
70 0 4062
90 0 4062
27 0 4068
44 0 4069
13 0 4073
72 0 4073
7 0 4075
96 0 4078
0 0 4079
63 0 4079
66 0 4079
0 0 4086
38 0 4086
2 0 4087
82 0 4087
90 0 4094
24 0 4095
1 0 4095
53 0 4104
0 0 4105
14 0 4105
47 0 4106
0 0 4107
9 0 4107
0 0 4108
35 0 4108
43 0 4108
9 0 4112
0 0 4113
27 0 4116
33 0 4119
37 0 4120
7 0 4120
0 0 4121
76 0 4121
10 0 4129
0 0 4130
75 0 4130
14 0 4139
33 0 4140
0 0 4141
52 0 4141
0 0 4150
98 0 4150
0 0 4151
74 0 4159
0 0 4160
5 0 4160
65 0 4166
0 0 4167
73 0 4167
0 0 4168
40 0 4168
51 0 4168
0 0 4169
30 0 4178
29 0 4184
66 0 4190
99 0 4197
0 0 4199
3 0 4199
0 0 4200
22 0 4200
35 0 4201
0 0 4202
43 0 4202
57 0 4202
70 0 4202
38 0 4203
84 0 4203
19 0 4206
0 0 4207
64 0 4207
0 0 4208
59 0 4213
27 0 4213
92 0 4213
29 0 4220
24 0 4220
56 0 4220
0 0 4221
26 0 4221
68 0 4223
0 0 4224
64 0 4224
70 0 4225
30 0 4226
61 0 4227
1 0 4228
40 0 4228
58 0 4229
0 0 4230
16 0 4230
0 0 4231
3 0 4236
23 0 4236
55 0 4237
0 0 4238
83 0 4238
0 0 4239
40 0 4239
0 0 4240
52 0 4240
22 0 4240
28 0 4241
65 0 4241
67 0 4242
0 0 4243
47 0 4243
98 0 4244
99 0 4244
0 0 4252
97 0 4252
29 0 4260
5 0 4260
79 0 4260
21 0 4269
85 0 4269
0 0 4270
64 0 4270
0 0 4271
79 0 4271
82 0 4281
3 0 4282
82 0 4282
90 0 4283
95 0 4283
68 0 4284
89 0 4285
52 0 4285
92 0 4285
46 0 4290
0 0 4291
42 0 4291
81 0 4292
0 0 4293
26 0 4293
35 0 4294
0 0 4295
30 0 4299
0 0 4300
41 0 4300
68 0 4300
0 0 4310
30 0 4316
0 0 4317
29 0 4317
81 0 4318
78 0 4318
0 0 4319
73 0 4319
0 0 4320
87 0 4328
59 0 4328
0 0 4329
11 0 4329
0 0 4339
60 0 4339
84 0 4344
99 0 4348
7 0 4349
3 0 4350
8 0 4351
26 0 4352
0 0 4356
86 0 4356
0 0 4357
94 0 4357
71 0 4357
78 0 4364
11 0 4368
72 0 4368
0 0 4377
17 0 4377
0 0 4378
65 0 4378
26 0 4378
0 0 4387
9 0 4387
0 0 4388
48 0 4388
94 0 4389
92 0 4390
0 0 4391
30 0 4391
70 0 4392
1 0 4392
0 0 4393
35 0 4393
44 0 4397
0 0 4398
82 0 4404
25 0 4406
30 0 4407
34 0 4408
0 0 4409
48 0 4409
0 0 4410
71 0 4411
23 0 4412
6 0 4412
54 0 4413
0 0 4414
87 0 4414
39 0 4414
92 0 4414
75 0 4415
0 0 4416
11 0 4422
0 0 4423
83 0 4423
0 0 4424
3 0 4424
67 0 4425
25 0 4425
77 0 4426
0 0 4427
2 0 4427
0 0 4428
30 0 4428
42 0 4428
0 0 4438
95 0 4438
24 0 4439
0 0 4440
69 0 4440
0 0 4444
10 0 4444
0 0 4445
42 0 4450
0 0 4451
3 0 4451
0 0 4452
58 0 4460
0 0 4461
23 0 4461
7 0 4462
2 0 4463
89 0 4464
0 0 4465
7 0 4465
44 0 4465
23 0 4470
50 0 4470
26 0 4470
28 0 4470
86 0 4470
78 0 4471
0 0 4472
37 0 4472
0 0 4482
15 0 4491
27 0 4492
0 0 4493
96 0 4493
10 0 4494
58 0 4494
3 0 4495
92 0 4495
11 0 4496
0 0 4497
82 0 4497
73 0 4504
0 0 4505
60 0 4505
0 0 4506
12 0 4506
61 0 4506
0 0 4507
30 0 4507
0 0 4508
39 0 4508
41 0 4509
0 0 4510
89 0 4510
0 0 4511
1 0 4511
23 0 4511
0 0 4512
76 0 4518
0 0 4519
45 0 4519
68 0 4519
60 0 4520
0 0 4524
82 0 4524
0 0 4525
11 0 4525
0 0 4526
51 0 4526
0 0 4527
36 0 4527
63 0 4528
0 0 4529
86 0 4529
5 0 4529
19 0 4539
82 0 4540
0 0 4541
44 0 4541
77 0 4546
73 0 4549
42 0 4550
0 0 4551
91 0 4552
88 0 4552
0 0 4557
14 0 4562
0 0 4563
93 0 4563
15 0 4563
0 0 4564
13 0 4564
46 0 4564
90 0 4565
65 0 4566
8 0 4571
66 0 4572
0 0 4581
22 0 4583
0 0 4584
94 0 4584
3 0 4585
97 0 4585
0 0 4586
23 0 4586
0 0 4595
20 0 4595
0 0 4596
15 0 4596
20 0 4596
95 0 4597
63 0 4605
0 0 4606
50 0 4606
55 0 4606
58 0 4607
34 0 4613
42 0 4613
2 0 4613
35 0 4614
90 0 4614
6 0 4618
90 0 4618
0 0 4619
20 0 4619
0 0 4620
71 0 4620
97 0 4627
10 0 4627
0 0 4629
94 0 4629
0 0 4630
45 0 4630
0 0 4639
29 0 4639
67 0 4640
0 0 4641
21 0 4641
0 0 4642
40 0 4642
0 0 4643
96 0 4644
76 0 4644
29 0 4644
54 0 4644
0 0 4645
91 0 4645
88 0 4650
98 0 4651
0 0 4652
45 0 4656
61 0 4657
0 0 4666
44 0 4666
58 0 4666
13 0 4666
99 0 4667
63 0 4667
80 0 4668
0 0 4669
47 0 4669
0 0 4670
47 0 4672
0 0 4673
29 0 4680
49 0 4681
50 0 4682
0 0 4683
62 0 4683
15 0 4684
11 0 4688
69 0 4688
4 0 4689
24 0 4690
9 0 4693
69 0 4701
0 0 4702
38 0 4702
0 0 4703
81 0 4703
0 0 4704
86 0 4704
0 0 4713
13 0 4713
0 0 4714
32 0 4714
0 0 4715
59 0 4715
70 0 4716
39 0 4716
42 0 4722
75 0 4722
53 0 4723
0 0 4724
59 0 4724
69 0 4725
0 0 4733
69 0 4733
0 0 4735
77 0 4735
87 0 4735
89 0 4736
20 0 4739
75 0 4739
32 0 4740
0 0 4741
59 0 4741
87 0 4741
0 0 4742
63 0 4742
44 0 4742
13 0 4743
0 0 4744
20 0 4744
48 0 4745
0 0 4746
53 0 4746
73 0 4746
0 0 4747
44 0 4756
50 0 4756
82 0 4756
38 0 4758
0 0 4759
88 0 4759
8 0 4760
16 0 4760
34 0 4762
60 0 4763
0 0 4772
40 0 4772
0 0 4773
8 0 4773
90 0 4774
0 0 4775
79 0 4775
0 0 4776
41 0 4776
3 0 4777
27 0 4780
28 0 4784
0 0 4790
49 0 4790
78 0 4796
88 0 4797
0 0 4798
37 0 4798
87 0 4799
89 0 4799
61 0 4799
0 0 4800
26 0 4800
0 0 4808
6 0 4808
99 0 4809
0 0 4810
42 0 4810
62 0 4811
73 0 4811
0 0 4812
11 0 4812
13 0 4812
0 0 4813
95 0 4816
90 0 4817
62 0 4817
84 0 4817
89 0 4817
55 0 4818
0 0 4819
95 0 4819
0 0 4820
34 0 4820
0 0 4821
53 0 4826
29 0 4826
0 0 4827
15 0 4827
14 0 4827
37 0 4827
0 0 4828
41 0 4828
50 0 4829
65 0 4834
69 0 4835
0 0 4837
88 0 4837
57 0 4838
0 0 4839
22 0 4839
15 0 4839
0 0 4840
63 0 4840
68 0 4840
7 0 4841
14 0 4841
0 0 4842
19 0 4842
38 0 4843
0 0 4846
9 0 4846
92 0 4847
34 0 4847
49 0 4847
0 0 4848
26 0 4848
0 0 4849
86 0 4849
0 0 4855
74 0 4855
44 0 4856
45 0 4857
0 0 4860
21 0 4860
0 0 4861
84 0 4861
54 0 4861
93 0 4861
6 0 4861
0 0 4862
13 0 4862
81 0 4862
0 0 4863
20 0 4863
29 0 4863
0 0 4873
63 0 4873
64 0 4874
43 0 4875
0 0 4876
32 0 4876
0 0 4877
23 0 4877
81 0 4877
0 0 4878
99 0 4886
40 0 4887
7 0 4888
15 0 4888
0 0 4889
11 0 4889
0 0 4896
79 0 4900
81 0 4907
0 0 4908
59 0 4908
0 0 4909
55 0 4909
72 0 4912
5 0 4912
60 0 4913
2 0 4913
0 0 4921
59 0 4921
44 0 4921
47 0 4922
63 0 4923
36 0 4923
55 0 4924
0 0 4925
32 0 4925
0 0 4926
85 0 4931
39 0 4931
0 0 4932
20 0 4932
88 0 4933
0 0 4942
4 0 4942
43 0 4944
0 0 4945
70 0 4945
0 0 4946
2 0 4946
0 0 4947
32 0 4952
89 0 4952
0 0 4953
38 0 4953
40 0 4954
0 0 4955
28 0 4955
0 0 4956
59 0 4965
13 0 4966
98 0 4967
63 0 4977
9 0 4977
0 0 4987
96 0 4987
8 0 4994
13 0 4994
0 0 4995
69 0 4995
12 0 4995
58 0 4996
18 0 4997
29 0 4997
92 0 4997
93 0 4997
4 0 4998
19 0 4998
41 0 5001
45 0 5002
63 0 5002
82 0 5002
10 0 5003
0 0 5004
70 0 5004
0 0 5005
18 0 5005
32 0 5006
26 0 5012
53 0 5013
0 0 5021
94 0 5025
60 0 5029
0 0 5030
31 0 5030
25 0 5031
58 0 5032
82 0 5033
0 0 5034
34 0 5038
61 0 5041
78 0 5045
8 0 5046
45 0 5046
61 0 5047
63 0 5047
0 0 5055
61 0 5063
69 0 5064
0 0 5065
99 0 5065
81 0 5065
0 0 5066
16 0 5066
0 0 5067
55 0 5067
0 0 5072
56 0 5072
14 0 5072
0 0 5073
52 0 5073
81 0 5073
65 0 5074
0 0 5075
64 0 5075
95 0 5082
32 0 5087
88 0 5087
99 0 5095
70 0 5095
89 0 5096
34 0 5097
38 0 5097
43 0 5097
74 0 5097
0 0 5098
95 0 5098
0 0 5099
23 0 5107
75 0 5108
40 0 5109
85 0 5110
13 0 5116
0 0 5117
52 0 5117
0 0 5118
54 0 5118
94 0 5119
39 0 5128
0 0 5132
12 0 5132
0 0 5133
6 0 5133
0 0 5134
6 0 5136
0 0 5144
58 0 5144
81 0 5149
36 0 5157
52 0 5157
89 0 5161
0 0 5162
36 0 5162
80 0 5163
0 0 5164
46 0 5164
3 0 5170
79 0 5170
8 0 5179
83 0 5186
0 0 5187
57 0 5187
0 0 5188
65 0 5188
0 0 5189
38 0 5189
49 0 5190
0 0 5191
19 0 5191
0 0 5192
5 0 5198
47 0 5199
0 0 5200
69 0 5200
17 0 5200
0 0 5201
44 0 5201
76 0 5205
48 0 5210
0 0 5211
8 0 5211
95 0 5211
20 0 5212
16 0 5213
0 0 5214
82 0 5216
0 0 5217
70 0 5220
0 0 5228
45 0 5228
87 0 5228
52 0 5229
57 0 5230
89 0 5230
45 0 5231
0 0 5234
68 0 5234
24 0 5234
4 0 5239
8 0 5239
9 0 5243
0 0 5250
63 0 5250
34 0 5250
84 0 5257
92 0 5258
0 0 5259
47 0 5259
18 0 5259
0 0 5260
80 0 5260
75 0 5261
55 0 5270
67 0 5274
0 0 5277
96 0 5277
36 0 5282
0 0 5283
10 0 5283
0 0 5284
2 0 5289
0 0 5290
55 0 5290
0 0 5291
93 0 5291
98 0 5296
9 0 5297
6 0 5297
0 0 5298
49 0 5298
0 0 5299
98 0 5299
0 0 5308
39 0 5308
53 0 5309
51 0 5312
43 0 5316
88 0 5317
0 0 5318
80 0 5318
0 0 5328
88 0 5328
24 0 5336
33 0 5337
70 0 5337
45 0 5337
0 0 5338
8 0 5338
13 0 5338
44 0 5338
25 0 5339
2 0 5339
0 0 5346
25 0 5346
37 0 5349
23 0 5349
0 0 5357
61 0 5357
0 0 5358
49 0 5358
2 0 5359
33 0 5362
0 0 5363
73 0 5363
0 0 5364
8 0 5364
0 0 5370
27 0 5374
9 0 5375
19 0 5376
36 0 5378
24 0 5379
0 0 5380
57 0 5388
54 0 5389
62 0 5389
0 0 5394
67 0 5394
59 0 5402
9 0 5411
64 0 5411
6 0 5412
48 0 5413
57 0 5414
53 0 5415
0 0 5425
60 0 5425
0 0 5429
26 0 5429
97 0 5434
15 0 5434
22 0 5442
12 0 5443
0 0 5444
95 0 5444
98 0 5445
82 0 5448
0 0 5449
25 0 5449
77 0 5450
64 0 5450
0 0 5451
86 0 5451
0 0 5452
4 0 5459
31 0 5459
0 0 5460
36 0 5460
88 0 5463
0 0 5464
33 0 5465
20 0 5465
0 0 5466
32 0 5466
14 0 5467
59 0 5467
18 0 5467
0 0 5468
53 0 5468
7 0 5472
53 0 5473
62 0 5474
95 0 5477
0 0 5478
78 0 5478
0 0 5479
26 0 5479
64 0 5479
44 0 5479
5 0 5479
90 0 5479
14 0 5479
88 0 5479
6 0 5479
0 0 5480
36 0 5480
0 0 5481
73 0 5481
0 0 5482
14 0 5482
0 0 5483
60 0 5483
40 0 5483
54 0 5484
89 0 5485
17 0 5486
5 0 5486
32 0 5492
61 0 5497
0 0 5498
90 0 5498
9 0 5499
0 0 5504
31 0 5505
19 0 5514
14 0 5514
77 0 5515
12 0 5515
7 0 5515
0 0 5517
97 0 5517
94 0 5518
30 0 5519
25 0 5520
47 0 5522
3 0 5523
94 0 5525
92 0 5526
0 0 5527
83 0 5527
54 0 5531
23 0 5532
51 0 5533
0 0 5540
76 0 5540
1 0 5541
0 0 5542
80 0 5542
15 0 5542
31 0 5542
58 0 5542
0 0 5543
46 0 5545
0 0 5546
25 0 5546
43 0 5547
0 0 5548
39 0 5552
0 0 5553
46 0 5553
98 0 5553
19 0 5554
90 0 5555
0 0 5556
49 0 5556
40 0 5563
0 0 5564
60 0 5572
75 0 5573
0 0 5574
95 0 5574
58 0 5575
78 0 5576
22 0 5576
0 0 5577
68 0 5583
80 0 5585
18 0 5585
0 0 5586
24 0 5586
0 0 5588
17 0 5588
32 0 5588
0 0 5589
70 0 5589
76 0 5592
0 0 5593
56 0 5593
45 0 5593
32 0 5602
0 0 5603
79 0 5610
0 0 5611
47 0 5611
0 0 5612
39 0 5612
21 0 5613
45 0 5618
79 0 5619
0 0 5620
91 0 5620
0 0 5621
89 0 5621
0 0 5622
29 0 5622
0 0 5623
65 0 5623
58 0 5624
27 0 5633
5 0 5634
23 0 5634
0 0 5635
49 0 5635
68 0 5636
75 0 5636
66 0 5639
34 0 5640
0 0 5650
52 0 5650
0 0 5651
50 0 5651
0 0 5652
77 0 5652
0 0 5653
3 0 5658
0 0 5659
21 0 5659
0 0 5660
39 0 5660
56 0 5661
54 0 5663
67 0 5663
0 0 5673
45 0 5674
0 0 5680
87 0 5680
77 0 5681
70 0 5682
65 0 5683
0 0 5691
73 0 5694
0 0 5695
56 0 5695
0 0 5702
40 0 5702
0 0 5703
94 0 5703
0 0 5704
15 0 5704
0 0 5705
4 0 5705
0 0 5706
60 0 5706
8 0 5706
0 0 5711
25 0 5711
4 0 5711
89 0 5717
84 0 5718
76 0 5724
65 0 5725
0 0 5726
45 0 5726
34 0 5727
40 0 5728
0 0 5736
50 0 5736
61 0 5736
57 0 5737
42 0 5738
0 0 5739
6 0 5739
0 0 5740
70 0 5743
0 0 5751
58 0 5756
69 0 5758
38 0 5759
0 0 5762
16 0 5762
58 0 5765
16 0 5765
54 0 5775
6 0 5775
70 0 5776
59 0 5782
0 0 5783
16 0 5783
0 0 5784
38 0 5784
0 0 5785
70 0 5785
51 0 5786
0 0 5788
6 0 5788
0 0 5789
41 0 5796
77 0 5796
13 0 5796
93 0 5797
0 0 5804
60 0 5805
71 0 5806
0 0 5807
89 0 5809
0 0 5810
87 0 5810
38 0 5810
0 0 5820
38 0 5820
0 0 5821
71 0 5821
92 0 5821
34 0 5823
0 0 5824
91 0 5824
15 0 5824
77 0 5825
23 0 5826
20 0 5827
31 0 5827
79 0 5833
13 0 5833
8 0 5834
0 0 5835
63 0 5840
76 0 5841
17 0 5841
13 0 5841
0 0 5842
77 0 5842
0 0 5843
15 0 5851
72 0 5851
77 0 5851
88 0 5851
55 0 5854
77 0 5854
0 0 5855
27 0 5855
2 0 5855
0 0 5860
26 0 5860
10 0 5860
0 0 5861
88 0 5868
9 0 5877
45 0 5878
0 0 5879
95 0 5879
0 0 5882
94 0 5885
89 0 5888
43 0 5888
0 0 5889
17 0 5889
76 0 5890
71 0 5891
74 0 5900
37 0 5910
0 0 5911
10 0 5911
0 0 5920
33 0 5927
79 0 5928
0 0 5933
49 0 5933
70 0 5934
69 0 5942
0 0 5952
69 0 5954
56 0 5960
18 0 5960
0 0 5961
64 0 5961
34 0 5961
0 0 5962
6 0 5962
41 0 5962
62 0 5969
0 0 5970
53 0 5970
0 0 5971
80 0 5971
71 0 5978
56 0 5978
40 0 5979
85 0 5980
0 0 5983
26 0 5983
21 0 5984
64 0 5985
67 0 5986
87 0 5986
63 0 5987
35 0 5988
0 0 5989
28 0 5992
23 0 6000
0 0 6001
78 0 6001
0 0 6002
34 0 6002
0 0 6003
81 0 6003
15 0 6003
50 0 6004
0 0 6005
34 0 6005
66 0 6014
0 0 6017
65 0 6017
60 0 6020
45 0 6021
38 0 6021
0 0 6031
9 0 6039
75 0 6040
34 0 6040
0 0 6041
17 0 6041
64 0 6041
0 0 6042
54 0 6042
37 0 6042
97 0 6042
24 0 6043
0 0 6044
57 0 6044
67 0 6044
36 0 6044
0 0 6045
96 0 6045
34 0 6053
24 0 6053
50 0 6056
3 0 6062
36 0 6063
71 0 6064
95 0 6065
0 0 6066
82 0 6066
0 0 6067
22 0 6067
54 0 6074
38 0 6083
70 0 6084
79 0 6084
99 0 6084
87 0 6085
81 0 6086
95 0 6086
0 0 6087
11 0 6087
0 0 6088
26 0 6097
68 0 6098
0 0 6099
69 0 6107
92 0 6107
83 0 6108
13 0 6109
65 0 6110
55 0 6111
68 0 6111
0 0 6112
5 0 6112
91 0 6113
45 0 6114
0 0 6115
25 0 6115
35 0 6125
29 0 6132
0 0 6133
30 0 6138
53 0 6139
77 0 6140
11 0 6140
0 0 6150
86 0 6152
0 0 6153
46 0 6153
52 0 6153
46 0 6153
68 0 6154
33 0 6156
0 0 6157
79 0 6162
0 0 6163
13 0 6170
47 0 6175
80 0 6176
14 0 6176
91 0 6177
54 0 6180
29 0 6180
62 0 6181
90 0 6185
72 0 6185
7 0 6186
32 0 6187
91 0 6187
89 0 6187
71 0 6188
0 0 6189
69 0 6189
76 0 6189
3 0 6195
0 0 6203
69 0 6203
55 0 6204
64 0 6205
78 0 6206
66 0 6207
0 0 6208
39 0 6216
20 0 6217
73 0 6218
38 0 6218
98 0 6218
0 0 6219
94 0 6225
75 0 6226
0 0 6227
56 0 6227
98 0 6230
52 0 6235
54 0 6236
0 0 6237
98 0 6237
0 0 6238
44 0 6247
0 0 6248
76 0 6248
47 0 6249
0 0 6250
35 0 6250
88 0 6250
4 0 6250
56 0 6250
35 0 6251
9 0 6258
47 0 6259
0 0 6267
58 0 6267
52 0 6268
49 0 6268
0 0 6269
66 0 6269
96 0 6273
0 0 6274
49 0 6274
67 0 6274
77 0 6274
0 0 6276
78 0 6284
0 0 6285
96 0 6293
84 0 6294
22 0 6294
0 0 6295
81 0 6300
0 0 6301
97 0 6301
66 0 6302
75 0 6303
91 0 6303
36 0 6304
0 0 6305
61 0 6305
79 0 6305
0 0 6306
93 0 6306
51 0 6307
97 0 6308
66 0 6315
0 0 6318
85 0 6318
26 0 6318
69 0 6319
87 0 6327
0 0 6328
38 0 6328
24 0 6334
75 0 6334
0 0 6335
56 0 6335
0 0 6338
28 0 6338
32 0 6338
96 0 6338
49 0 6343
9 0 6343
1 0 6350
0 0 6351
15 0 6360
9 0 6360
70 0 6360
55 0 6361
98 0 6361
77 0 6368
86 0 6368
5 0 6369
0 0 6370
6 0 6370
68 0 6371
0 0 6372
41 0 6372
0 0 6373
16 0 6373
59 0 6373
71 0 6373
40 0 6376
53 0 6377
0 0 6378
31 0 6378
47 0 6379
0 0 6380
60 0 6380
0 0 6381
63 0 6381
44 0 6381
0 0 6382
61 0 6382
53 0 6383
0 0 6384
95 0 6384
0 0 6385
32 0 6389
3 0 6390
56 0 6390
42 0 6391
24 0 6395
0 0 6396
39 0 6396
8 0 6401
0 0 6402
48 0 6406
80 0 6406
25 0 6407
67 0 6408
24 0 6408
47 0 6409
0 0 6410
5 0 6410
99 0 6414
0 0 6415
85 0 6415
0 0 6416
74 0 6416
0 0 6424
81 0 6424
0 0 6425
64 0 6425
56 0 6426
86 0 6426
88 0 6426
0 0 6431
51 0 6431
79 0 6431
0 0 6432
58 0 6432
85 0 6432
64 0 6432
13 0 6432
0 0 6433
15 0 6437
10 0 6437
34 0 6438
21 0 6438
81 0 6438
0 0 6439
99 0 6439
0 0 6440
4 0 6440
0 0 6449
15 0 6456
63 0 6457
0 0 6458
80 0 6458
82 0 6459
0 0 6460
94 0 6460
50 0 6461
0 0 6468
54 0 6468
0 0 6469
40 0 6469
0 0 6470
92 0 6470
0 0 6471
76 0 6472
21 0 6473
3 0 6473
0 0 6474
33 0 6474
6 0 6475
57 0 6476
48 0 6476
0 0 6477
74 0 6477
5 0 6482
0 0 6483
70 0 6483
8 0 6491
0 0 6492
83 0 6492
0 0 6493
54 0 6493
58 0 6495
4 0 6496
0 0 6497
95 0 6497
64 0 6498
96 0 6498
0 0 6499
34 0 6499
0 0 6506
61 0 6506
0 0 6513
8 0 6513
93 0 6514
0 0 6515
95 0 6515
1 0 6516
36 0 6516
0 0 6517
4 0 6525
86 0 6526
38 0 6526
31 0 6526
14 0 6527
83 0 6532
48 0 6532
0 0 6533
75 0 6534
8 0 6534
0 0 6535
98 0 6535
0 0 6536
85 0 6536
32 0 6543
2 0 6543
49 0 6550
28 0 6550
85 0 6550
50 0 6556
97 0 6563
0 0 6564
17 0 6564
96 0 6564
51 0 6564
4 0 6565
0 0 6566
49 0 6566
38 0 6567
0 0 6568
74 0 6568
50 0 6577
13 0 6580
84 0 6580
61 0 6580
98 0 6580
0 0 6584
9 0 6584
79 0 6584
68 0 6584
56 0 6584
98 0 6584
0 0 6585
44 0 6585
92 0 6585
55 0 6585
0 0 6586
32 0 6586
64 0 6586
0 0 6587
91 0 6587
4 0 6588
55 0 6588
31 0 6589
14 0 6589
45 0 6590
0 0 6591
72 0 6591
99 0 6592
86 0 6592
14 0 6592
59 0 6593
43 0 6593
33 0 6593
1 0 6593
39 0 6594
0 0 6595
39 0 6595
91 0 6595
70 0 6596
22 0 6596
61 0 6597
65 0 6598
22 0 6599
41 0 6599
20 0 6600
65 0 6600
0 0 6601
15 0 6601
0 0 6602
1 0 6602
65 0 6602
0 0 6603
49 0 6603
73 0 6604
56 0 6604
0 0 6605
4 0 6605
19 0 6605
89 0 6606
21 0 6607
73 0 6608
30 0 6608
11 0 6608
38 0 6608
53 0 6608
55 0 6608
77 0 6608
54 0 6608
65 0 6608
99 0 6608
49 0 6609
19 0 6609
53 0 6609
89 0 6609
96 0 6609
23 0 6610
89 0 6611
79 0 6611
31 0 6611
83 0 6612
56 0 6612
77 0 6612
79 0 6612
30 0 6612
6 0 6612
55 0 6612
40 0 6612
96 0 6613
55 0 6613
98 0 6613
78 0 6613
31 0 6613
51 0 6613
58 0 6613
69 0 6613
70 0 6613
26 0 6613
28 0 6613
97 0 6614
4 0 6615
25 0 6615
32 0 6615
55 0 6615
61 0 6615
53 0 6615
39 0 6615
92 0 6616
[0m[33m6616[0m
